76
92840
20001
55017
77287
10059
84204
24909
55738
70685
68287
34154
26004
98208
79223
95881
73418
66931
52902
35693
50346
40075
25111
53820
19267
55632
67371
10811
94101
69373
45885
75043
47186
91704
82122
14088
70396
42520
94506
51640
48030
32183
11863
45706
36675
64516
92888
63504
41629
13661
68223
74973
32717
52664
76582
28013
31202
50602
91609
34040
3059
38048
83102
74616
75930
44769
96489
43202
58316
32555
1990
67047
22636
44101
73126
83282
80705
0 38876 98730 99393 23461 58360 11414 70170 22635 94727 31332 77488 96429 40440 89476 26991 5159 44969 7124 29310 73615 57204 5713 54383 15244 65713 61018 4831 95921 77034 21510 18929 16359 34315 82280 45521 12012 62333 77421 43782 86188 27372 90148 17280 81007 23460 35974 35923 13747 33006 43619 93180 35031 84771 49614 78802 80422 74967 59175 72250 59907 215 16899 41005 41957 15939 56403 63447 79048 87925 62824 41758 40008 3065 70304 78611
38876 0 92194 55094 16911 6761 13459 90867 76198 43046 52073 39335 849 10881 91060 49712 66132 72429 43312 66326 95452 75805 18303 77315 58705 32225 35864 13256 93796 6908 87687 3329 70330 28690 64160 88733 92289 80037 94487 98796 5866 56334 71717 33347 41404 9583 39212 17733 49860 41998 23195 59879 57444 95503 87181 78719 49756 83172 61491 42695 40822 70247 5643 73798 15194 52232 17823 19583 52777 21809 98477 81931 13729 91457 49041 15459
98730 92194 0 5696 46012 52880 20399 29471 53793 94845 35515 49907 14640 96155 96592 43295 20799 42212 78476 75672 7847 19980 93307 68626 54029 43580 77028 68615 5481 24715 33203 22907 16175 52917 25525 37010 42976 3705 75427 68579 5579 3871 66326 30606 16444 17584 8867 27253 33611 62214 72599 45093 66279 43818 26074 23231 50043 77320 18175 39921 95376 31367 4087 96311 14019 26804 99758 93761 98369 36003 52041 38534 57323 21392 55840 82287
99393 55094 5696 0 1266 12086 6729 18053 2191 28836 27423 75655 71604 59290 5289 8478 60349 23124 27685 8764 67835 73066 58049 77352 64451 12349 9438 44094 18932 54683 17325 55407 6053 96864 47049 29592 50055 78758 74822 90192 64321 68091 88567 15632 51665 58536 28412 70232 88643 56202 48076 14105 10851 9099 72150 90987 39383 42428 72915 69586 98929 98362 15969 28158 88384 11484 799 93734 74570 15123 48342 41319 91188 62483 81455 55068
23461 16911 46012 1266 0 3732 83376 90865 12154 3999 39996 22826 61861 54988 62124 56716 37406 78547 98054 35385 46879 54726 18944 49610 23432 67673 57552 79070 33193 8181 23765 92161 4164 16188 50692 18862 70598 66197 75811 96914 9523 27956 60670 2609 10437 85089 7270 80242 88499 83038 48066 24450 99261 51989 69873 80833 92888 90762 26783 18553 64758 68988 72443 95669 48844 70024 30476 72854 48690 72472 9036 213 87984 22366 94868 76722
58360 6761 52880 12086 3732 0 11776 56938 74750 86006 89483 76842 20614 68239 38965 82586 87445 89231 95510 3223 51463 73844 95473 70075 27856 56632 42429 19019 70880 22705 99112 29591 76202 31803 15794 27405 64082 60888 85279 10354 50721 86460 25947 94695 81940 33646 84119 99503 45562 4254 67290 70530 16544 14677 31860 92577 86754 35280 79101 96671 25588 31003 85001 8878 44738 6295 11828 96023 65448 2028 19117 44976 53110 35054 64660 72658
11414 13459 20399 6729 83376 11776 0 13258 95591 81760 92827 74926 98099 74268 69962 23930 40519 80637 17524 26011 1395 78217 76699 94733 17313 84598 33079 92113 88957 22290 31159 27499 30811 6608 26238 39283 30645 25336 5575 34814 54606 77946 85012 74207 33261 91177 37565 41342 33778 99478 39082 51543 51917 77375 47017 55292 37866 49210 83180 72548 84891 68117 10454 53016 88702 15235 83409 20496 46513 47321 34884 43746 25527 56273 95146 83139
70170 90867 29471 18053 90865 56938 13258 0 50953 12245 86633 43028 6300 83079 6834 15551 85714 21023 31558 77061 44303 65797 1869 65128 80670 61880 33851 78302 69373 14244 43973 70666 54713 82365 32548 69027 33809 79862 7159 92104 58874 41244 61741 48345 90565 20105 42381 45183 95281 19032 20256 32838 69504 48157 3003 8799 21785 46970 34494 3310 46273 97381 8734 97190 80362 71317 19199 82066 81438 26919 36070 30214 92858 1142 87265 25106
22635 76198 53793 2191 12154 74750 95591 50953 0 15095 8393 38812 27191 40280 47243 39161 67977 94405 20323 46906 74341 1969 140 52038 3282 47247 37684 98799 79801 48197 87969 38980 22221 58353 70160 38325 42769 86183 5992 93244 70455 947 52763 54602 36539 1435 73918 13194 8143 1219 56396 8686 81274 5639 6747 58610 55552 44835 37114 81193 59944 43395 80601 97595 72356 49904 44463 89627 37236 91249 52175 17618 89105 97696 5642 67612
94727 43046 94845 28836 3999 86006 81760 12245 15095 0 51893 24413 14509 42807 72516 83597 71167 25629 83446 39226 58584 30134 17770 53202 11283 54008 65030 1921 66916 87268 48179 6422 41834 35446 82788 4256 58262 86193 27722 22326 97922 23113 25207 30806 37006 91214 59999 95837 68779 84599 91182 70474 19041 278 74678 89535 37170 17162 78101 62933 69387 5979 90523 85845 67141 17565 17954 59532 3884 67889 973 60840 42187 38528 39297 74343
31332 52073 35515 27423 39996 89483 92827 86633 8393 51893 0 11388 65795 96747 77321 43210 2198 51756 70822 87901 46179 24219 75075 44476 30787 21244 87598 48709 75253 59492 13429 31194 52028 53115 11178 98623 23107 65885 32990 31919 89858 83435 36310 75695 31603 70440 74196 37547 36882 69117 57333 27946 70431 5783 60924 31381 60440 82799 67485 37209 22531 57582 38946 18647 96315 22591 59704 20360 52100 23066 12621 47826 19265 22833 98355 92810
77488 39335 49907 75655 22826 76842 74926 43028 38812 24413 11388 0 40398 54422 24468 61590 85620 62690 2865 10522 50572 8747 52880 45490 86208 17216 98681 79453 1895 72254 5591 80269 89914 61512 26317 8133 96984 38831 83665 34067 78773 33518 69097 43196 65596 85585 88854 35986 12165 66600 13671 65421 97462 37330 77673 43638 85530 52171 25166 59618 12739 7556 53250 63881 17038 39278 47468 75046 53322 15173 71167 25684 30316 64678 11894 34415
96429 849 14640 71604 61861 20614 98099 6300 27191 14509 65795 40398 0 62457 6814 3323 33244 87144 29354 26118 88073 35743 68554 8725 74948 84634 52201 79055 29337 11905 68374 20271 33766 39257 81069 82777 37839 53283 55709 83744 19806 83407 98452 78864 2292 15358 50508 88045 89335 48432 1127 62379 83323 5792 14708 89754 84224 97512 43178 71619 98746 19683 62029 71216 20118 53074 15882 18077 57825 84910 10775 11940 8477 30697 17882 12000
40440 10881 96155 59290 54988 68239 74268 83079 40280 42807 96747 54422 62457 0 30063 1514 36249 13252 42232 46183 65702 69905 25654 97278 57678 12811 610 82570 26075 24974 96540 690 63511 2826 68843 95209 80989 95370 32706 25183 39793 7872 93623 85358 37727 67733 24902 61761 67982 70484 66891 51673 66183 59044 56831 90942 7274 55243 41161 10063 37785 34987 90160 13699 51050 97266 34751 40002 66549 51164 8756 99260 20135 79048 2348 83112
89476 91060 96592 5289 62124 38965 69962 6834 47243 72516 77321 24468 6814 30063 0 65886 74369 71032 49423 12857 28408 93256 82079 87075 20012 43827 89085 58848 13260 58906 54509 35935 19674 75871 27677 51218 26849 19491 60215 55774 74221 45944 95378 95378 41123 37826 99494 75215 38029 76444 32844 49623 88701 56495 38128 26784 1123 26078 12552 56374 72168 70558 26229 16419 74786 62164 97169 56312 42847 42689 38818 24788 31566 69431 60298 33340
26991 49712 43295 8478 56716 82586 23930 15551 39161 83597 43210 61590 3323 1514 65886 0 29167 16675 51696 49682 87101 32258 57928 6032 18215 98087 50702 55630 84817 88066 80468 25279 74885 14348 48804 67548 74634 91955 98931 45678 61554 98955 40540 72319 32657 25297 27236 89123 60141 81617 95182 27316 39555 88721 43718 19166 9910 93047 11877 66028 44191 71654 66889 83255 65785 10717 72431 57130 33799 99421 35074 18206 92845 59896 96418 14174
5159 66132 20799 60349 37406 87445 40519 85714 67977 71167 2198 85620 33244 36249 74369 29167 0 991 31848 80011 48449 92723 88220 1518 91615 91172 41002 30278 99082 83069 21044 47297 31210 79026 8254 12280 72267 59026 53671 24972 53453 46925 21371 12515 99086 66420 6238 41134 29592 75534 69823 72095 48762 69472 98595 40597 30566 25438 37407 95841 11651 93136 58384 17737 67689 95451 33057 79488 39235 97450 14003 19831 75928 63045 481 89592
44969 72429 42212 23124 78547 89231 80637 21023 94405 25629 51756 62690 87144 13252 71032 16675 991 0 67935 7981 51650 11802 60285 77217 60408 66573 89235 64839 32682 29798 8493 85982 12966 73346 88972 78999 17455 65335 66511 96856 21715 54045 70531 81920 3875 15639 54636 5279 27540 28686 7787 95543 29209 58048 30631 65716 56817 92003 43689 22931 63341 86266 71435 65241 16611 81607 35271 50712 68732 19294 10674 34142 66204 17895 15313 35630
7124 43312 78476 27685 98054 95510 17524 31558 20323 83446 70822 2865 29354 42232 49423 51696 31848 67935 0 34511 69190 68822 90986 35217 22655 38549 60662 31030 20350 59349 139 92596 29040 27071 39701 93783 43485 96387 39112 77163 32749 79667 89282 42459 82832 75896 84283 93786 96927 70987 19346 16165 96145 32848 36257 29849 34972 60130 36333 64335 56581 6671 17956 3485 88154 19049 4233 81946 42902 71773 70178 86477 53614 6050 32485 29148
29310 66326 75672 8764 35385 3223 26011 77061 46906 39226 87901 10522 26118 46183 12857 49682 80011 7981 34511 0 76465 79427 94545 69370 43297 99145 12489 39796 67841 15801 53109 75135 99661 47782 97018 10748 58533 33348 82921 7894 9507 18960 24700 84417 18016 4874 87529 26807 60144 42252 32875 11023 44548 55343 80480 57610 64871 3115 75689 64072 28675 91274 56481 57180 34975 19817 56296 4060 7321 21089 88241 74760 19018 34672 11779 78741
73615 95452 7847 67835 46879 51463 1395 44303 74341 58584 46179 50572 88073 65702 28408 87101 48449 51650 69190 76465 0 25388 47443 31735 36524 25461 5799 17274 75542 30923 82836 17740 1456 92283 57761 60510 63575 58519 50022 8156 55961 21510 10420 72595 91694 32972 68049 19374 95935 27447 64150 36065 55132 75108 61268 88275 84215 63167 90698 51001 75039 22969 81234 45357 8392 54997 59001 82880 7346 90345 65422 79029 45963 82022 59020 21895
57204 75805 19980 73066 54726 73844 78217 65797 1969 30134 24219 8747 35743 69905 93256 32258 92723 11802 68822 79427 25388 0 86078 38629 7808 1938 35777 52394 14854 62434 5983 65656 50409 50031 10302 75333 52821 12518 26805 88459 95406 34975 39797 63965 45445 43222 28870 8160 86043 63854 10344 40155 48236 22026 98198 89962 65350 66512 41050 15835 86506 52078 60025 49504 55685 98699 85325 27976 12901 13791 63936 59220 50959 15565 73412 94456
5713 18303 93307 58049 18944 95473 76699 1869 140 17770 75075 52880 68554 25654 82079 57928 88220 60285 90986 94545 47443 86078 0 18465 7820 80797 32470 42574 60692 5606 79319 99562 4664 96766 84108 34177 31434 53955 58864 79329 90101 94510 24290 38008 47663 65799 1616 98448 23459 29726 81057 85606 58606 99264 69085 91864 52732 76020 2127 43544 61446 77426 68266 63933 60339 67544 72771 29242 93771 81305 10666 15299 57553 34756 14340 60992
54383 77315 68626 77352 49610 70075 94733 65128 52038 53202 44476 45490 8725 97278 87075 6032 1518 77217 35217 69370 31735 38629 18465 0 29207 2723 34802 8901 66101 1205 2170 10608 81169 32916 2538 73291 54537 15395 10934 90706 77059 63061 1912 39165 51036 75744 51280 51481 79449 75943 75118 3199 94961 67601 56013 26037 36181 6973 43534 49367 22125 74305 12146 83429 22009 96051 61992 61288 48996 19136 80143 88792 47867 92769 86542 75244
15244 58705 54029 64451 23432 27856 17313 80670 3282 11283 30787 86208 74948 57678 20012 18215 91615 60408 22655 43297 36524 7808 7820 29207 0 9109 16753 30512 15607 60060 28454 74932 51729 59887 84908 77123 25839 83305 98094 97358 82502 34372 96906 10131 10498 54789 56375 75287 16000 19536 39647 4788 11335 1656 80812 4528 37488 61569 85328 51023 27168 63937 43251 44117 11356 24962 44040 50678 22676 56339 59445 35025 13398 84397 33299 91443
65713 32225 43580 12349 67673 56632 84598 61880 47247 54008 21244 17216 84634 12811 43827 98087 91172 66573 38549 99145 25461 1938 80797 2723 9109 0 96587 15617 1691 617 82325 92347 85631 54532 45646 54035 93370 39178 27441 72000 86479 57310 48266 75941 77364 83547 9971 4289 23188 6144 22659 26552 26649 62513 64744 96354 25894 90284 24568 78504 37022 25965 22512 77460 3566 55416 70222 59304 86976 30218 35112 29095 55109 69166 96295 43516
61018 35864 77028 9438 57552 42429 33079 33851 37684 65030 87598 98681 52201 610 89085 50702 41002 89235 60662 12489 5799 35777 32470 34802 16753 96587 0 31093 12550 4961 23765 83023 44215 71928 19878 44806 26347 35727 45892 53928 95393 64419 44553 3210 54531 65359 28018 87830 52466 8261 35641 99466 29154 15447 78639 73133 63 41711 42606 56103 84307 23322 72593 75912 48137 30616 80124 16862 37069 83752 47288 46385 3237 13880 3508 46077
4831 13256 68615 44094 79070 19019 92113 78302 98799 1921 48709 79453 79055 82570 58848 55630 30278 64839 31030 39796 17274 52394 42574 8901 30512 15617 31093 0 87349 15822 94097 26942 96120 41623 26804 10407 42585 97016 62413 54794 67740 50144 36033 14708 61104 45028 1834 45496 89595 33683 95033 54139 89216 9842 39679 79130 5226 28974 37218 97769 37587 30823 82858 45484 52273 36 82878 89061 90172 68737 51302 72980 44560 96141 45728 991
95921 93796 5481 18932 33193 70880 88957 69373 79801 66916 75253 1895 29337 26075 13260 84817 99082 32682 20350 67841 75542 14854 60692 66101 15607 1691 12550 87349 0 15616 43590 6476 8230 2550 4482 13310 57013 72373 84374 4549 16271 44995 13305 20806 80186 64695 62193 84596 78841 5958 55316 54615 30032 47146 32344 54879 76532 74605 71170 53061 42231 29499 547 25795 70568 44778 10706 68464 14327 9207 22585 16396 13503 19261 33039 32461
77034 6908 24715 54683 8181 22705 22290 14244 48197 87268 59492 72254 11905 24974 58906 88066 83069 29798 59349 15801 30923 62434 5606 1205 60060 617 4961 15822 15616 0 13239 695 96669 9353 95860 52562 94826 57216 43040 38511 48420 21420 63612 26135 96241 25216 77750 48800 29362 51696 16395 68222 30473 561 26203 5099 92202 10130 14365 12392 24763 90406 24925 97246 33585 24056 46724 76128 95637 54199 96751 97371 72985 87366 37400 73700
21510 87687 33203 17325 23765 99112 31159 43973 87969 48179 13429 5591 68374 96540 54509 80468 21044 8493 139 53109 82836 5983 79319 2170 28454 82325 23765 94097 43590 13239 0 51871 82962 16154 80895 29161 90601 72403 7242 3126 42595 44375 51539 31584 40206 23681 76058 48192 1969 54470 28011 62638 57632 36924 1840 6554 73980 14537 89801 35082 73479 29547 16999 75730 83642 39229 32983 52 56083 18529 23515 12457 26982 79660 97073 57340
18929 3329 22907 55407 92161 29591 27499 70666 38980 6422 31194 80269 20271 690 35935 25279 47297 85982 92596 75135 17740 65656 99562 10608 74932 92347 83023 26942 6476 695 51871 0 92889 85449 53681 2761 61568 24152 64768 10820 66576 78211 45046 71341 57293 59611 49516 99829 75911 42221 74809 78307 68431 7436 72044 66915 53362 7440 67161 71317 69053 74038 25827 6316 27414 35695 22790 18088 82604 73146 96658 65234 73395 47005 17005 92286
16359 70330 16175 6053 4164 76202 30811 54713 22221 41834 52028 89914 33766 63511 19674 74885 31210 12966 29040 99661 1456 50409 4664 81169 51729 85631 44215 96120 8230 96669 82962 92889 0 71213 92216 17142 76270 89172 69594 21437 90975 23219 40979 57041 5167 94916 80634 88752 58802 97317 37692 68502 88552 38453 66896 73554 88808 10629 47332 43626 5120 48401 30555 79955 57060 81272 56370 10519 93169 23921 32983 74707 58859 86695 25250 58037
34315 28690 52917 96864 16188 31803 6608 82365 58353 35446 53115 61512 39257 2826 75871 14348 79026 73346 27071 47782 92283 50031 96766 32916 59887 54532 71928 41623 2550 9353 16154 85449 71213 0 62792 90951 69660 53399 39449 52905 94984 98825 72149 85532 2857 25653 83467 94790 64123 7810 6025 40614 29142 82382 74569 32647 55438 55425 99761 54205 9754 73325 23261 12793 29112 17475 77144 10858 98723 89696 15022 99959 10650 65038 81844 76750
82280 64160 25525 47049 50692 15794 26238 32548 70160 82788 11178 26317 81069 68843 27677 48804 8254 88972 39701 97018 57761 10302 84108 2538 84908 45646 19878 26804 4482 95860 80895 53681 92216 62792 0 3875 30960 97817 89233 17443 8014 9872 75506 2377 87443 22876 79970 14853 46310 4032 61308 36292 94408 19080 4025 97317 52361 7378 52225 67449 47646 46550 72581 69524 59905 56486 31908 21125 31989 34763 59041 82709 12024 22879 85376 50218
45521 88733 37010 29592 18862 27405 39283 69027 38325 4256 98623 8133 82777 95209 51218 67548 12280 78999 93783 10748 60510 75333 34177 73291 77123 54035 44806 10407 13310 52562 29161 2761 17142 90951 3875 0 91915 83844 3713 59712 29120 25053 22435 5397 97043 26152 78111 435 99924 33067 44019 91610 7256 88946 24560 19580 79299 74453 72471 12080 39411 57511 11235 13500 40142 5957 49279 88541 26638 45308 29751 83708 53532 19284 18175 33927
12012 92289 42976 50055 70598 64082 30645 33809 42769 58262 23107 96984 37839 80989 26849 74634 72267 17455 43485 58533 63575 52821 31434 54537 25839 93370 26347 42585 57013 94826 90601 61568 76270 69660 30960 91915 0 46370 58590 68151 24338 62302 10012 33410 45350 11335 62160 54225 46624 63183 70964 73968 72500 2453 65271 61263 55892 59520 14351 38735 2915 64633 45724 28479 60500 52999 76667 8099 66886 52764 52440 64246 36178 79152 41416 61112
62333 80037 3705 78758 66197 60888 25336 79862 86183 86193 65885 38831 53283 95370 19491 91955 59026 65335 96387 33348 58519 12518 53955 15395 83305 39178 35727 97016 72373 57216 72403 24152 89172 53399 97817 83844 46370 0 64008 6213 85800 85408 19157 29090 52658 54970 80351 70288 30700 82955 55316 44842 96525 9928 44864 67549 76768 59215 66065 27702 63900 30164 68603 92516 81948 76774 15422 69644 11664 39754 27793 11541 88501 30428 51309 84699
77421 94487 75427 74822 75811 85279 5575 7159 5992 27722 32990 83665 55709 32706 60215 98931 53671 66511 39112 82921 50022 26805 58864 10934 98094 27441 45892 62413 84374 43040 7242 64768 69594 39449 89233 3713 58590 64008 0 55537 71414 82508 19308 29572 59357 20735 28273 63436 94685 86924 31291 61892 312 39365 5969 50229 81633 51412 49760 98815 80214 82380 21450 69360 57906 32567 40009 86508 15701 91597 35653 43958 25112 96263 70347 96955
43782 98796 68579 90192 96914 10354 34814 92104 93244 22326 31919 34067 83744 25183 55774 45678 24972 96856 77163 7894 8156 88459 79329 90706 97358 72000 53928 54794 4549 38511 3126 10820 21437 52905 17443 59712 68151 6213 55537 0 25436 48565 81307 5315 198 60662 87572 6603 96988 9882 21724 11459 58660 90838 16930 34207 28691 21837 96611 30388 74167 3705 96774 73741 88490 28515 51241 90675 43462 98046 36132 40506 41397 19879 96582 50318
86188 5866 5579 64321 9523 50721 54606 58874 70455 97922 89858 78773 19806 39793 74221 61554 53453 21715 32749 9507 55961 95406 90101 77059 82502 86479 95393 67740 16271 48420 42595 66576 90975 94984 8014 29120 24338 85800 71414 25436 0 88759 90876 53396 89551 90318 20530 17271 77112 78693 825 39277 90973 92445 53705 34734 68710 95894 26003 76235 2491 30688 4322 43058 30398 78535 61130 78063 31625 54363 89779 46490 37547 24859 42865 10394
27372 56334 3871 68091 27956 86460 77946 41244 947 23113 83435 33518 83407 7872 45944 98955 46925 54045 79667 18960 21510 34975 94510 63061 34372 57310 64419 50144 44995 21420 44375 78211 23219 98825 9872 25053 62302 85408 82508 48565 88759 0 95260 5979 34184 68492 17477 32438 45746 51392 79378 47799 89682 62061 97401 91388 38029 40496 69282 52883 57217 34443 26 868 26890 30102 35293 2230 46225 15288 60952 34641 4606 16414 36139 25872
90148 71717 66326 88567 60670 25947 85012 61741 52763 25207 36310 69097 98452 93623 95378 40540 21371 70531 89282 24700 10420 39797 24290 1912 96906 48266 44553 36033 13305 63612 51539 45046 40979 72149 75506 22435 10012 19157 19308 81307 90876 95260 0 87578 19976 45620 1787 54741 17467 93756 56907 7781 64492 1486 42679 95875 84881 9196 66782 36883 33043 29673 3970 93834 65655 11582 70002 16167 8419 81763 45139 70853 51805 72904 71347 70096
17280 33347 30606 15632 2609 94695 74207 48345 54602 30806 75695 43196 78864 85358 95378 72319 12515 81920 42459 84417 72595 63965 38008 39165 10131 75941 3210 14708 20806 26135 31584 71341 57041 85532 2377 5397 33410 29090 29572 5315 53396 5979 87578 0 91277 89520 95021 84068 24983 81212 49180 19206 73978 47618 57491 95975 17072 32368 72101 15444 14512 83754 31762 74996 56845 8893 91782 59936 89145 88031 45799 34630 94678 32027 38166 27947
81007 41404 16444 51665 10437 81940 33261 90565 36539 37006 31603 65596 2292 37727 41123 32657 99086 3875 82832 18016 91694 45445 47663 51036 10498 77364 54531 61104 80186 96241 40206 57293 5167 2857 87443 97043 45350 52658 59357 198 89551 34184 19976 91277 0 38936 63935 92208 81372 1473 70453 63191 93705 66139 39795 67068 94054 67627 69068 60231 34084 41685 23648 29610 86786 39521 49313 28469 34062 39825 49444 5514 53489 86606 64033 93923
23460 9583 17584 58536 85089 33646 91177 20105 1435 91214 70440 85585 15358 67733 37826 25297 66420 15639 75896 4874 32972 43222 65799 75744 54789 83547 65359 45028 64695 25216 23681 59611 94916 25653 22876 26152 11335 54970 20735 60662 90318 68492 45620 89520 38936 0 33255 86483 46520 23560 69912 19968 74512 7458 5968 48072 26180 8263 18555 77589 56063 5191 1723 89963 49358 17762 20983 795 95299 23163 55126 76783 27453 66938 79470 73331
35974 39212 8867 28412 7270 84119 37565 42381 73918 59999 74196 88854 50508 24902 99494 27236 6238 54636 84283 87529 68049 28870 1616 51280 56375 9971 28018 1834 62193 77750 76058 49516 80634 83467 79970 78111 62160 80351 28273 87572 20530 17477 1787 95021 63935 33255 0 74920 17425 71097 12167 1344 16409 17031 22024 81652 16416 15363 90390 4076 22375 91181 41499 62772 83105 49960 50324 49148 46333 13834 26759 83472 42593 94480 17996 74385
35923 17733 27253 70232 80242 99503 41342 45183 13194 95837 37547 35986 88045 61761 75215 89123 41134 5279 93786 26807 19374 8160 98448 51481 75287 4289 87830 45496 84596 48800 48192 99829 88752 94790 14853 435 54225 70288 63436 6603 17271 32438 54741 84068 92208 86483 74920 0 72920 16215 88971 99689 93139 1852 59346 2825 86981 45529 74615 51083 98209 71020 69708 85369 21365 84214 73932 35118 16405 94408 23171 21176 11553 79363 74871 13766
13747 49860 33611 88643 88499 45562 33778 95281 8143 68779 36882 12165 89335 67982 38029 60141 29592 27540 96927 60144 95935 86043 23459 79449 16000 23188 52466 89595 78841 29362 1969 75911 58802 64123 46310 99924 46624 30700 94685 96988 77112 45746 17467 24983 81372 46520 17425 72920 0 42213 54469 99263 11154 31319 40265 82389 97478 25722 71703 25924 47136 20265 51358 60827 93790 33397 55974 57250 53766 20537 10685 23520 77616 84769 56194 61825
33006 41998 62214 56202 83038 4254 99478 19032 1219 84599 69117 66600 48432 70484 76444 81617 75534 28686 70987 42252 27447 63854 29726 75943 19536 6144 8261 33683 5958 51696 54470 42221 97317 7810 4032 33067 63183 82955 86924 9882 78693 51392 93756 81212 1473 23560 71097 16215 42213 0 16817 99676 59209 56392 90499 78249 53795 13674 39560 19182 93617 19392 69544 70370 30769 74687 47485 82037 1186 39889 52216 38988 45256 19415 3831 46662
43619 23195 72599 48076 48066 67290 39082 20256 56396 91182 57333 13671 1127 66891 32844 95182 69823 7787 19346 32875 64150 10344 81057 75118 39647 22659 35641 95033 55316 16395 28011 74809 37692 6025 61308 44019 70964 55316 31291 21724 825 79378 56907 49180 70453 69912 12167 88971 54469 16817 0 22087 15999 7697 76404 1661 79709 43945 7092 34971 55336 76460 56097 93546 2749 68456 73517 1262 25511 80547 20280 25631 26051 49639 40033 62851
93180 59879 45093 14105 24450 70530 51543 32838 8686 70474 27946 65421 62379 51673 49623 27316 72095 95543 16165 11023 36065 40155 85606 3199 4788 26552 99466 54139 54615 68222 62638 78307 68502 40614 36292 91610 73968 44842 61892 11459 39277 47799 7781 19206 63191 19968 1344 99689 99263 99676 22087 0 51055 83565 14636 22319 42762 39212 25101 87964 46992 3505 45521 91353 81313 25573 91554 89841 26356 46957 25110 83434 37514 61007 72535 14788
35031 57444 66279 10851 99261 16544 51917 69504 81274 19041 70431 97462 83323 66183 88701 39555 48762 29209 96145 44548 55132 48236 58606 94961 11335 26649 29154 89216 30032 30473 57632 68431 88552 29142 94408 7256 72500 96525 312 58660 90973 89682 64492 73978 93705 74512 16409 93139 11154 59209 15999 51055 0 36393 48790 47950 13513 6368 22040 61927 29775 39450 51221 70949 82566 91964 22428 46487 10074 31830 61229 54678 14693 56721 50727 7970
84771 95503 43818 9099 51989 14677 77375 48157 5639 278 5783 37330 5792 59044 56495 88721 69472 58048 32848 55343 75108 22026 99264 67601 1656 62513 15447 9842 47146 561 36924 7436 38453 82382 19080 88946 2453 9928 39365 90838 92445 62061 1486 47618 66139 7458 17031 1852 31319 56392 7697 83565 36393 0 53258 597 56680 53966 35992 43616 93168 31402 7853 61305 38563 14192 19861 10940 36009 10368 22309 84422 75349 12997 4229 67979
49614 87181 26074 72150 69873 31860 47017 3003 6747 74678 60924 77673 14708 56831 38128 43718 98595 30631 36257 80480 61268 98198 69085 56013 80812 64744 78639 39679 32344 26203 1840 72044 66896 74569 4025 24560 65271 44864 5969 16930 53705 97401 42679 57491 39795 5968 22024 59346 40265 90499 76404 14636 48790 53258 0 8111 4808 24757 92713 89792 65392 13698 34039 57061 77252 3608 43003 33518 84297 72088 56705 6317 68269 82309 30487 99774
78802 78719 23231 90987 80833 92577 55292 8799 58610 89535 31381 43638 89754 90942 26784 19166 40597 65716 29849 57610 88275 89962 91864 26037 4528 96354 73133 79130 54879 5099 6554 66915 73554 32647 97317 19580 61263 67549 50229 34207 34734 91388 95875 95975 67068 48072 81652 2825 82389 78249 1661 22319 47950 597 8111 0 73698 27993 34958 34950 5262 8582 16920 66845 68758 35138 20208 11164 40235 95421 8858 51146 46015 21961 83012 8390
80422 49756 50043 39383 92888 86754 37866 21785 55552 37170 60440 85530 84224 7274 1123 9910 30566 56817 34972 64871 84215 65350 52732 36181 37488 25894 63 5226 76532 92202 73980 53362 88808 55438 52361 79299 55892 76768 81633 28691 68710 38029 84881 17072 94054 26180 16416 86981 97478 53795 79709 42762 13513 56680 4808 73698 0 35286 96012 28052 96106 77675 19816 53396 47481 20866 47731 65834 545 55987 84591 543 13822 46861 79135 56865
74967 83172 77320 42428 90762 35280 49210 46970 44835 17162 82799 52171 97512 55243 26078 93047 25438 92003 60130 3115 63167 66512 76020 6973 61569 90284 41711 28974 74605 10130 14537 7440 10629 55425 7378 74453 59520 59215 51412 21837 95894 40496 9196 32368 67627 8263 15363 45529 25722 13674 43945 39212 6368 53966 24757 27993 35286 0 57386 61460 89055 48488 79331 62440 33762 14103 74840 9687 53018 99876 95490 48716 77251 68344 6693 25396
59175 61491 18175 72915 26783 79101 83180 34494 37114 78101 67485 25166 43178 41161 12552 11877 37407 43689 36333 75689 90698 41050 2127 43534 85328 24568 42606 37218 71170 14365 89801 67161 47332 99761 52225 72471 14351 66065 49760 96611 26003 69282 66782 72101 69068 18555 90390 74615 71703 39560 7092 25101 22040 35992 92713 34958 96012 57386 0 32248 13665 35623 19717 64849 26795 73851 11705 80336 71856 2807 84716 53996 50823 75325 74517 9051
72250 42695 39921 69586 18553 96671 72548 3310 81193 62933 37209 59618 71619 10063 56374 66028 95841 22931 64335 64072 51001 15835 43544 49367 51023 78504 56103 97769 53061 12392 35082 71317 43626 54205 67449 12080 38735 27702 98815 30388 76235 52883 36883 15444 60231 77589 4076 51083 25924 19182 34971 87964 61927 43616 89792 34950 28052 61460 32248 0 64757 19409 44617 92471 62973 70761 20724 47640 72097 31962 41359 18209 43711 66942 37686 51533
59907 40822 95376 98929 64758 25588 84891 46273 59944 69387 22531 12739 98746 37785 72168 44191 11651 63341 56581 28675 75039 86506 61446 22125 27168 37022 84307 37587 42231 24763 73479 69053 5120 9754 47646 39411 2915 63900 80214 74167 2491 57217 33043 14512 34084 56063 22375 98209 47136 93617 55336 46992 29775 93168 65392 5262 96106 89055 13665 64757 0 44007 61093 52700 99428 24448 95644 37516 65902 87602 37757 99960 72295 36937 11889 30808
215 70247 31367 98362 68988 31003 68117 97381 43395 5979 57582 7556 19683 34987 70558 71654 93136 86266 6671 91274 22969 52078 77426 74305 63937 25965 23322 30823 29499 90406 29547 74038 48401 73325 46550 57511 64633 30164 82380 3705 30688 34443 29673 83754 41685 5191 91181 71020 20265 19392 76460 3505 39450 31402 13698 8582 77675 48488 35623 19409 44007 0 48466 54128 24639 71038 52477 18035 11109 25354 39418 80761 43876 24485 36536 37876
16899 5643 4087 15969 72443 85001 10454 8734 80601 90523 38946 53250 62029 90160 26229 66889 58384 71435 17956 56481 81234 60025 68266 12146 43251 22512 72593 82858 547 24925 16999 25827 30555 23261 72581 11235 45724 68603 21450 96774 4322 26 3970 31762 23648 1723 41499 69708 51358 69544 56097 45521 51221 7853 34039 16920 19816 79331 19717 44617 61093 48466 0 48 10039 33732 61677 40546 47409 59682 27879 28385 76213 10897 92792 670
41005 73798 96311 28158 95669 8878 53016 97190 97595 85845 18647 63881 71216 13699 16419 83255 17737 65241 3485 57180 45357 49504 63933 83429 44117 77460 75912 45484 25795 97246 75730 6316 79955 12793 69524 13500 28479 92516 69360 73741 43058 868 93834 74996 29610 89963 62772 85369 60827 70370 93546 91353 70949 61305 57061 66845 53396 62440 64849 92471 52700 54128 48 0 63863 29004 78753 23906 97315 98917 36222 25116 80545 11334 91396 24157
41957 15194 14019 88384 48844 44738 88702 80362 72356 67141 96315 17038 20118 51050 74786 65785 67689 16611 88154 34975 8392 55685 60339 22009 11356 3566 48137 52273 70568 33585 83642 27414 57060 29112 59905 40142 60500 81948 57906 88490 30398 26890 65655 56845 86786 49358 83105 21365 93790 30769 2749 81313 82566 38563 77252 68758 47481 33762 26795 62973 99428 24639 10039 63863 0 87690 37712 73469 38037 75582 99909 8997 38872 99809 31309 20953
15939 52232 26804 11484 70024 6295 15235 71317 49904 17565 22591 39278 53074 97266 62164 10717 95451 81607 19049 19817 54997 98699 67544 96051 24962 55416 30616 36 44778 24056 39229 35695 81272 17475 56486 5957 52999 76774 32567 28515 78535 30102 11582 8893 39521 17762 49960 84214 33397 74687 68456 25573 91964 14192 3608 35138 20866 14103 73851 70761 24448 71038 33732 29004 87690 0 50776 62880 17432 22576 41410 9573 11319 62493 61796 87310
56403 17823 99758 799 30476 11828 83409 19199 44463 17954 59704 47468 15882 34751 97169 72431 33057 35271 4233 56296 59001 85325 72771 61992 44040 70222 80124 82878 10706 46724 32983 22790 56370 77144 31908 49279 76667 15422 40009 51241 61130 35293 70002 91782 49313 20983 50324 73932 55974 47485 73517 91554 22428 19861 43003 20208 47731 74840 11705 20724 95644 52477 61677 78753 37712 50776 0 9602 29133 99542 98980 89156 59681 36531 60365 9421
63447 19583 93761 93734 72854 96023 20496 82066 89627 59532 20360 75046 18077 40002 56312 57130 79488 50712 81946 4060 82880 27976 29242 61288 50678 59304 16862 89061 68464 76128 52 18088 10519 10858 21125 88541 8099 69644 86508 90675 78063 2230 16167 59936 28469 795 49148 35118 57250 82037 1262 89841 46487 10940 33518 11164 65834 9687 80336 47640 37516 18035 40546 23906 73469 62880 9602 0 59224 60259 49189 37833 24282 32223 51126 36044
79048 52777 98369 74570 48690 65448 46513 81438 37236 3884 52100 53322 57825 66549 42847 33799 39235 68732 42902 7321 7346 12901 93771 48996 22676 86976 37069 90172 14327 95637 56083 82604 93169 98723 31989 26638 66886 11664 15701 43462 31625 46225 8419 89145 34062 95299 46333 16405 53766 1186 25511 26356 10074 36009 84297 40235 545 53018 71856 72097 65902 11109 47409 97315 38037 17432 29133 59224 0 40017 23603 46265 71954 75350 22380 89438
87925 21809 36003 15123 72472 2028 47321 26919 91249 67889 23066 15173 84910 51164 42689 99421 97450 19294 71773 21089 90345 13791 81305 19136 56339 30218 83752 68737 9207 54199 18529 73146 23921 89696 34763 45308 52764 39754 91597 98046 54363 15288 81763 88031 39825 23163 13834 94408 20537 39889 80547 46957 31830 10368 72088 95421 55987 99876 2807 31962 87602 25354 59682 98917 75582 22576 99542 60259 40017 0 26634 97927 71155 69139 32725 61055
62824 98477 52041 48342 9036 19117 34884 36070 52175 973 12621 71167 10775 8756 38818 35074 14003 10674 70178 88241 65422 63936 10666 80143 59445 35112 47288 51302 22585 96751 23515 96658 32983 15022 59041 29751 52440 27793 35653 36132 89779 60952 45139 45799 49444 55126 26759 23171 10685 52216 20280 25110 61229 22309 56705 8858 84591 95490 84716 41359 37757 39418 27879 36222 99909 41410 98980 49189 23603 26634 0 49289 32937 89734 63792 96662
41758 81931 38534 41319 213 44976 43746 30214 17618 60840 47826 25684 11940 99260 24788 18206 19831 34142 86477 74760 79029 59220 15299 88792 35025 29095 46385 72980 16396 97371 12457 65234 74707 99959 82709 83708 64246 11541 43958 40506 46490 34641 70853 34630 5514 76783 83472 21176 23520 38988 25631 83434 54678 84422 6317 51146 543 48716 53996 18209 99960 80761 28385 25116 8997 9573 89156 37833 46265 97927 49289 0 39108 89516 15770 78897
40008 13729 57323 91188 87984 53110 25527 92858 89105 42187 19265 30316 8477 20135 31566 92845 75928 66204 53614 19018 45963 50959 57553 47867 13398 55109 3237 44560 13503 72985 26982 73395 58859 10650 12024 53532 36178 88501 25112 41397 37547 4606 51805 94678 53489 27453 42593 11553 77616 45256 26051 37514 14693 75349 68269 46015 13822 77251 50823 43711 72295 43876 76213 80545 38872 11319 59681 24282 71954 71155 32937 39108 0 1551 32605 2065
3065 91457 21392 62483 22366 35054 56273 1142 97696 38528 22833 64678 30697 79048 69431 59896 63045 17895 6050 34672 82022 15565 34756 92769 84397 69166 13880 96141 19261 87366 79660 47005 86695 65038 22879 19284 79152 30428 96263 19879 24859 16414 72904 32027 86606 66938 94480 79363 84769 19415 49639 61007 56721 12997 82309 21961 46861 68344 75325 66942 36937 24485 10897 11334 99809 62493 36531 32223 75350 69139 89734 89516 1551 0 17621 47102
70304 49041 55840 81455 94868 64660 95146 87265 5642 39297 98355 11894 17882 2348 60298 96418 481 15313 32485 11779 59020 73412 14340 86542 33299 96295 3508 45728 33039 37400 97073 17005 25250 81844 85376 18175 41416 51309 70347 96582 42865 36139 71347 38166 64033 79470 17996 74871 56194 3831 40033 72535 50727 4229 30487 83012 79135 6693 74517 37686 11889 36536 92792 91396 31309 61796 60365 51126 22380 32725 63792 15770 32605 17621 0 36368
78611 15459 82287 55068 76722 72658 83139 25106 67612 74343 92810 34415 12000 83112 33340 14174 89592 35630 29148 78741 21895 94456 60992 75244 91443 43516 46077 991 32461 73700 57340 92286 58037 76750 50218 33927 61112 84699 96955 50318 10394 25872 70096 27947 93923 73331 74385 13766 61825 46662 62851 14788 7970 67979 99774 8390 56865 25396 9051 51533 30808 37876 670 24157 20953 87310 9421 36044 89438 61055 96662 78897 2065 47102 36368 0
