178
3464
96448
19801
22747
77773
37255
47742
30878
28874
83497
9914
80106
11204
8946
3435
33594
703
40896
32367
95672
81057
58895
41591
35692
63325
64211
92041
65637
51979
95040
15864
71143
99421
46206
57102
11331
96521
53824
23015
5075
96580
98078
23182
33302
35757
84219
1861
90912
59467
73093
73475
86256
18069
30045
28444
18801
61963
70430
85758
51810
19309
73816
81069
58286
74824
49972
1530
61052
60168
39303
99828
39153
65337
56858
96424
96359
77982
71465
19214
9874
43847
29065
62960
66867
64102
98770
26811
53247
99196
81981
72838
34578
96577
63256
38193
37519
77413
83336
92366
36443
22530
65040
32079
34458
92279
73072
98329
3466
88451
84225
77184
41754
25081
97559
65434
52682
83921
30834
81458
75701
82818
91114
39965
29499
47859
33657
15110
67725
43922
13570
12600
31453
70024
71819
29415
81550
31142
3562
54086
63561
13827
30172
3442
69089
99414
86247
24288
59330
16824
96342
40962
39122
93681
8481
14790
44086
20181
72620
8506
47448
98568
82205
58587
26407
29097
47387
87170
99477
80100
8091
66503
19260
14001
37300
95745
68287
40787
28876
0 68805 30451 15091 27246 11425 64253 65358 54791 62375 75844 496 71875 68294 48344 7288 55891 69708 87492 74648 11330 33171 92452 10 80070 61767 96495 4894 80822 53022 79910 23762 24707 68975 49060 87783 23252 15084 25734 14903 43147 72737 33451 1760 39323 42736 94086 49066 275 53699 70645 74639 48045 13615 4875 41046 21732 19640 38189 61816 10278 96986 18973 24363 11868 12667 70680 86605 96675 76854 93847 94242 60924 12711 94187 36290 15450 26271 14775 43383 64926 11051 939 15237 13850 98699 52974 50386 37675 80999 87400 14166 4712 86519 35258 27097 35070 67990 10237 50376 4030 56392 88792 30945 45869 21522 48753 76777 69504 14757 1518 30347 96259 22765 36851 47478 59443 68886 49093 26248 78110 30766 58757 9844 32171 24906 60353 21703 40869 96135 46524 53515 45346 58999 18552 47941 79641 9478 74742 98585 40908 7329 15694 10532 45220 16290 63901 97251 68230 69126 5938 34185 45863 32394 39783 38377 83085 80738 11145 16975 89098 44994 46180 82617 54891 90524 24806 19163 55753 3735 16438 62489 36387 32415 77665 2954 49175 81436
68805 0 37391 24450 19297 29273 83705 99215 80572 3735 50127 36190 2943 76840 61486 52635 76312 36090 6727 70207 62959 86303 29130 40908 21608 13345 15225 85690 45970 97176 30804 29656 67764 7126 77173 28870 20481 29086 33126 10693 83769 54182 78544 44661 3440 66258 64862 47751 80382 69477 88244 92676 14007 78481 79658 36969 19761 91335 27638 29177 18225 27736 9271 38304 28520 74350 51285 29244 62289 38293 17319 58960 40697 2534 67520 3041 89018 41870 25406 40434 15045 40674 21049 12693 45905 82319 4783 18117 8494 62260 6037 24532 6988 54268 22935 35766 63878 32135 62909 70345 16707 47597 80613 45082 57509 20117 63100 85365 15940 73913 14615 7830 8688 37358 45590 74104 24759 58133 68023 60634 35685 41212 6090 25130 76901 1694 16740 33397 36843 52380 99475 12321 41419 60826 19675 18193 35207 43946 31756 87420 83898 82555 91827 17367 98082 74764 11846 86643 96437 97471 31572 32380 40203 35315 99829 41984 28319 52136 44393 78506 80881 52814 27984 5429 48543 1411 70778 36020 71915 26667 40152 44428 65387 3334 38660 67284 64720 29972
30451 37391 0 81777 14564 72296 65716 67832 24857 24267 5816 22373 82684 11221 51748 76560 47349 2826 2107 90344 33506 29924 26495 37247 8560 51584 55951 67819 52844 57217 94076 67123 11287 96015 93833 73097 46497 57503 20875 23725 89274 59198 11171 30950 23517 7090 62255 48779 76889 62064 39744 35466 39412 19247 74820 61796 30538 88111 41574 27947 92114 44130 4266 55913 48215 39284 95595 28779 73766 54405 93147 55415 87985 89790 26621 74679 2890 91595 88539 51431 66945 19026 96323 16506 5491 20215 39639 7709 2497 64093 23312 40407 14508 65596 18095 19314 79578 4335 85242 86015 89746 42259 38839 83293 77488 10485 22898 43136 55488 82181 15482 3114 10757 83297 38724 84820 49458 47512 37678 3019 53992 94722 5794 57009 41571 52059 26909 43147 45943 71312 99181 13907 19771 12532 10786 94427 60590 22590 77003 86174 47228 99400 66019 79376 45974 76395 62435 56293 72596 90490 86426 52472 62761 12325 73211 46857 73620 11987 69466 94932 85273 69670 83042 23553 39812 52734 10545 68001 17494 51631 72040 68609 2575 11702 44286 57376 50333 26872
15091 24450 81777 0 32324 46148 63631 42251 61892 11482 46085 41160 36301 29677 32306 82122 95124 17982 26435 18245 83015 85136 94086 81567 32054 24703 35315 35829 41014 44289 31290 35400 93004 53395 33470 82747 22504 59722 97418 63651 33259 11775 36278 76186 66883 40744 77193 60394 89835 81195 48829 53083 26776 17722 14937 30495 86618 99850 32373 763 67861 83454 4659 85561 69506 64303 78147 91185 37186 26659 6080 55227 71696 34583 28131 35275 41394 13387 94398 71951 61069 60198 72067 36356 83272 26763 68946 64752 54725 32303 78274 68685 87592 80270 61637 34663 93051 85899 22920 338 40679 8602 37374 9173 49004 93462 3186 67693 7 10314 63219 36213 75960 63844 44831 14801 7803 20114 2770 73086 74770 7223 79935 84626 75124 15417 50941 53311 97473 6022 42527 57529 777 48584 87108 35080 20579 27066 53690 89077 15353 13888 10714 95820 88435 96406 66559 23147 36213 38334 46284 22065 4703 45025 72127 84658 58816 85909 65714 60236 47768 67747 59015 83002 88806 10843 25536 25596 47944 23061 35657 64659 48983 90134 16093 11684 2341 7679
27246 19297 14564 32324 0 77480 40012 10184 86813 80060 79371 3936 11235 95701 86963 82641 10592 99993 64830 5419 21050 79392 27400 11140 997 87114 36067 76291 13714 75464 50133 15809 47904 2874 72552 6237 96573 46699 69720 40585 69668 11297 97818 22168 77972 87556 3448 84113 72370 36777 13171 23514 61757 13243 44570 47933 67474 20405 97138 99043 62131 13715 7259 88608 33770 95401 8628 99026 69655 46275 29894 47248 16932 51416 54357 55812 20238 9981 66798 23871 3897 90766 57121 62637 15033 15258 89459 97478 15020 50893 54792 1800 13265 45334 25749 83202 93389 4719 81544 84535 70583 26001 36066 4592 10123 41694 45099 14137 44215 27667 59979 32672 39091 54295 18331 76887 69768 90530 15294 40714 21493 42183 95226 20419 78782 71038 44105 31403 45166 59823 92313 6377 15591 83181 72733 75397 30759 45729 99729 1733 64802 18944 30541 36311 87127 51315 71544 66568 91374 52003 23313 72820 70432 65424 81578 60455 22866 78168 2787 28297 33646 80641 4088 60740 22018 16548 59989 29206 79239 47464 97719 92002 90735 36319 15978 76819 23608 73036
11425 29273 72296 46148 77480 0 15564 74126 95577 41975 67039 72076 24039 68185 2281 39565 85512 31541 31801 51150 86786 50413 61673 10748 35451 8345 29152 18418 55736 97013 36484 99592 82857 74037 61863 64992 66262 11037 4211 35258 84548 54944 86603 88563 92967 78003 38791 77815 71062 51205 7671 28197 19160 42884 61128 67355 85144 83545 54754 68743 68243 55163 74547 66141 51737 66903 74522 46217 82276 86774 86211 31290 26449 9487 16394 32068 78704 14113 89192 85898 49067 6904 59370 98381 32843 52525 72796 39673 43882 14929 5412 16144 87883 95057 95223 69566 45896 11372 93864 81269 47984 85885 81230 6479 10974 39801 65091 73307 41083 55336 86712 88584 35194 69753 58562 78703 58695 62184 5188 50919 55533 75524 91472 66187 35273 58192 26509 65946 51964 44932 35608 1797 97790 84047 26035 81766 16831 94734 92675 44450 80758 73858 7653 33393 33358 41392 61565 14951 75201 56747 81111 74853 22287 31916 26297 36077 54440 27103 64453 93959 35543 86314 28470 78467 69002 72293 87003 73281 75223 53967 31196 92280 58712 21882 14105 39037 3480 99281
64253 83705 65716 63631 40012 15564 0 98799 79297 40542 72397 68135 35458 3821 65869 124 84196 88914 55975 81257 2009 35565 40704 69149 98697 8342 23712 85191 18629 34162 77493 60900 2819 85795 46659 83766 50933 26525 33868 52765 22303 4774 17264 58463 11439 52429 96590 61088 11366 54605 25189 33085 55375 98816 33168 936 82423 49865 71582 82251 59429 56676 2597 94486 92869 88669 30470 31951 22295 19655 32890 83083 95360 96719 32289 10787 57511 36422 16884 82272 16522 21755 24171 47606 69046 7050 19345 61020 24435 77438 27339 25490 60164 77259 64089 37821 48051 81597 6817 4103 40270 20646 52099 25683 7315 86769 5228 839 79510 30064 27779 3995 61725 38706 34222 43629 41579 92402 12097 8593 76921 59477 35145 56709 8918 9830 60886 67295 39272 90524 53249 72071 22172 6422 66227 91169 38851 96797 48495 51153 4210 87296 95645 87705 53831 54167 19544 24911 90303 7240 52655 20884 33858 56325 96990 10968 89046 36656 54217 35576 68799 18362 45707 69180 55113 32640 43755 71476 56468 17717 86008 71678 54977 25175 3281 99868 93502 24199
65358 99215 67832 42251 10184 74126 98799 0 21134 50710 8235 91542 54090 77350 78243 67345 30968 40220 94777 94924 44360 54431 46593 80810 32644 52934 38722 11909 52484 46925 85817 1140 18050 46549 74795 46274 71357 21741 90935 86741 73709 40625 45504 82169 86439 21562 1483 90746 88118 39183 14982 37993 79446 50707 32912 43530 43976 29770 92520 11873 20851 13531 37771 49016 98462 67805 13549 24925 72314 8618 17328 18561 83395 77235 47209 48079 12128 45645 75009 19794 2001 61657 95340 25114 8340 34131 68362 87039 34806 93999 38362 73573 57249 85134 2672 45393 23134 55727 86254 73357 17570 11172 95196 68241 57823 12980 7628 99948 29192 6147 965 33706 2438 65521 42281 73195 84405 25534 36006 90846 64945 85871 93750 34484 88873 35992 42159 15325 59265 45946 49463 57982 54872 41337 35340 99136 96765 93602 991 97707 34842 77953 67805 99414 84883 75250 10464 87501 14759 46232 23096 36358 45815 99284 75196 19367 70662 25718 76172 7479 95985 66529 62016 68374 50176 34868 22498 98288 25896 18485 60361 19713 19337 59124 28988 29965 4370 1094
54791 80572 24857 61892 86813 95577 79297 21134 0 7642 99393 11588 12829 69057 21480 71158 63465 93943 15025 13693 84152 57562 87888 18452 52780 85714 29804 5480 11711 70140 51228 33654 44741 63027 86260 89950 15193 41643 45491 27275 83523 29492 84959 88331 60018 63368 85671 32313 86632 22729 99355 78871 7916 79769 17816 94524 19167 47210 35645 84239 91444 90826 74757 34802 82326 24701 79207 89800 2875 58327 40381 48593 90342 60327 25856 17767 31078 97012 70029 18855 14609 88258 34377 1499 54536 9032 55398 53171 76497 70822 28986 44575 34825 66774 8673 73217 16458 72860 30333 65766 24652 75489 13279 56738 27811 94344 14964 17735 6339 31131 24490 44366 83297 50930 28515 22643 93606 84506 68845 16741 31263 7336 60112 11869 81675 59809 18966 94634 33189 87965 66565 51986 35183 47349 93051 33385 15373 17437 31379 7457 50134 52253 41580 25890 45197 35493 8145 51842 1017 30585 67333 49709 13637 29884 10393 94422 36476 42224 40969 17026 91730 93864 34138 76558 50636 96204 41887 2888 16394 37383 74991 31008 71549 60728 5451 83596 7656 85283
62375 3735 24267 11482 80060 41975 40542 50710 7642 0 95472 75235 35952 33216 63990 62127 96643 56087 74729 42629 25029 8157 24133 82965 57335 4439 86736 91156 76321 72366 71813 56851 72694 73078 55155 67871 41726 7768 87999 6053 58142 89776 50512 98723 8624 82367 29654 57300 52555 3534 63148 66749 82258 68222 20076 74848 78496 18862 74424 29310 91502 57539 60316 47000 85068 1743 97178 5413 57209 5861 29732 22457 62555 64266 16556 55526 50171 16433 47183 52345 11147 80726 98906 79203 79513 33643 93232 4718 70543 46243 61259 42141 1260 3396 25124 25738 63315 42983 38837 74419 85039 37268 92719 91981 48135 24473 88208 77835 55082 54840 18479 56358 54102 29083 89417 90122 36843 28235 21266 37165 83033 75519 70239 90127 8905 76985 87001 16523 14316 63195 80177 47995 60405 88322 73168 33515 65574 68208 66275 56089 56228 61344 33368 49612 19716 876 74882 20994 32665 61453 11019 42266 60670 83889 40884 19781 90085 56421 75664 19468 41528 98549 71780 33787 27164 5015 25851 3485 45372 11473 54113 90831 52045 88465 85556 8967 47986 89056
75844 50127 5816 46085 79371 67039 72397 8235 99393 95472 0 702 17454 39446 57533 90916 57578 70015 46971 9594 80249 9148 95831 75904 61580 2212 74538 24171 97717 43147 41580 77859 47811 24728 58985 9314 4901 69443 66381 87334 30844 53977 82268 15857 77708 30116 13346 35889 33920 88158 381 83685 15421 88547 67934 45010 26565 83887 35764 39620 96568 63412 83530 97829 356 47635 20313 35441 47955 93563 21997 17519 1151 38217 89733 6011 26144 11914 28301 45709 1582 97199 32482 76196 61177 7597 23929 65585 76943 32715 93365 7806 65205 53390 49841 7682 28380 45556 47610 75403 33271 17222 30371 63108 60341 32444 88108 57034 73214 28407 94242 90207 44550 20386 3226 29843 30356 79399 5154 76465 61696 15166 98823 42885 13339 52403 80442 97615 77876 45295 82130 93088 27240 96081 53615 75249 39960 99920 92226 98696 81923 21187 29760 71994 86163 21375 68380 23131 5648 1010 15137 55599 50064 92533 63449 14224 86837 21755 57756 30494 42298 38108 69445 36679 7395 84110 63152 19163 64585 12893 59487 4489 8498 28797 75776 39732 81163 62351
496 36190 22373 41160 3936 72076 68135 91542 11588 75235 702 0 27159 80758 24356 42281 13332 18371 57482 53641 7531 47994 75740 39908 74447 46844 66681 76185 10157 85551 81432 67157 31676 15857 12441 43342 88410 18431 97686 72689 59555 89412 49357 18677 84855 44952 82989 71699 69576 36841 11016 45755 4063 1859 6491 19832 40328 80685 18830 83830 28224 58377 65778 15239 8500 18451 70935 78040 92345 49280 51074 14909 52448 55866 50690 98384 31006 37922 13452 20998 50410 9404 39844 74334 54644 47562 49267 42331 1867 15335 32354 14600 99706 88465 11511 22047 3765 33539 17912 18210 5901 41111 87277 25980 52582 76188 27455 69768 93096 42857 15162 94517 55304 91843 99273 52275 83517 39128 59171 70710 65581 10977 9022 97211 14330 27710 40845 27764 66861 18082 82794 68684 83071 91420 81907 92413 36245 69799 55101 46848 65717 36268 21082 51173 77255 52019 59652 78699 88448 59224 81493 85686 87470 72404 19633 72478 66020 83856 61160 32326 48548 16517 29255 4750 83400 93838 87093 42113 63152 33937 48515 99016 55707 46785 76446 107 29070 37746
71875 2943 82684 36301 11235 24039 35458 54090 12829 35952 17454 27159 0 90658 39852 7801 89222 64631 9770 49611 25723 7638 1617 20885 49026 23974 42516 4767 41628 58204 88290 38066 47355 30817 37584 44662 72125 78229 38244 92050 2560 89692 28929 25914 51951 77737 89602 22001 44133 79894 95577 79399 35860 37802 43366 92443 14523 19820 97422 99534 10266 1119 11603 28203 10602 91230 30407 93380 58064 70655 1639 72247 5137 40960 1872 33281 6159 14332 87404 86684 80486 4903 4675 43506 38356 55126 45826 31858 62291 92066 73116 21978 62961 75472 70030 13275 76803 76846 32554 64304 67898 13121 14651 69512 70381 21502 41921 13459 51678 73057 66370 49151 75730 83301 32473 14359 95049 13936 95622 69791 76309 97192 8340 44396 24270 22735 57346 8499 89059 50317 26245 57202 53913 6958 17195 89386 19717 11595 83181 65840 70931 22701 75242 18087 85403 57760 78945 27909 70307 60720 49335 16945 14682 21320 28182 88202 60137 97366 99080 20479 84438 80871 57858 40959 27046 32293 13308 75604 80112 12302 75992 86736 70999 78161 43564 39575 81679 46896
68294 76840 11221 29677 95701 68185 3821 77350 69057 33216 39446 80758 90658 0 9928 66862 2167 67076 5588 41175 50243 57735 87746 15187 17047 83042 63111 29431 19377 48220 19965 93788 19803 53693 34217 1089 3059 76570 97768 94066 41420 29331 3276 16932 31378 47778 18185 75185 9996 36414 35981 91516 58084 45846 81496 75557 7417 6022 81459 88552 1203 2345 27518 86115 45058 17111 74415 66576 45259 95486 37265 1547 65474 79519 53980 78582 72933 70573 37684 15669 17390 84781 87725 18707 52937 89990 56677 87105 85918 26910 5606 84286 11380 89075 48146 4938 36798 19070 44608 25033 84350 26630 63888 43813 2990 36965 36184 96347 47611 43622 87783 77930 98898 90616 82623 77468 38204 38538 767 552 37641 20665 75533 50563 1079 63333 31137 48441 78455 38050 29452 72386 32556 62051 72702 79053 27315 77804 45453 2261 64386 43557 62085 65074 13276 65364 37580 35785 94117 40747 75293 37471 32149 4313 52013 68253 40162 12997 14445 76467 78213 19365 84249 7451 7925 57613 86216 98431 80887 73004 63849 70826 90217 90543 32456 47900 79609 94426
48344 61486 51748 32306 86963 2281 65869 78243 21480 63990 57533 24356 39852 9928 0 96631 40715 54608 52405 29899 82640 35191 32624 85658 8755 46817 49749 35244 90595 42304 78476 42857 7457 35178 32962 74136 6673 96465 65386 20865 5871 33800 6534 51680 19635 58324 44112 65916 97272 56825 22986 48908 33185 76112 8291 41958 60353 1530 60079 32727 40893 23357 10212 81690 54863 83451 16461 22517 37937 48589 68510 49476 40500 93830 80705 66213 6868 62545 50025 9817 27919 24942 47182 36418 6738 17743 16892 30407 51447 17332 61293 73959 94689 46616 9886 95334 60756 18086 44464 28611 98417 68998 42088 90575 44698 23616 46853 4640 38363 82395 64551 36348 39238 69270 49934 70489 58675 13080 91246 22848 41967 4789 62159 26301 52814 66815 62082 26915 36634 72547 71951 43304 88997 17108 3701 73162 30888 10513 53860 809 23271 92837 63838 48063 23401 97648 61721 83237 39409 48771 85764 2495 37539 28413 31875 80951 90312 50506 44331 48256 56517 77357 86195 54999 50784 70751 1675 77111 36555 40555 48318 61613 85994 8722 70004 16779 461 42551
7288 52635 76560 82122 82641 39565 124 67345 71158 62127 90916 42281 7801 66862 96631 0 34504 27568 32636 22966 17572 1157 83415 13530 81408 19715 41926 16383 95221 32325 31115 99586 41610 48396 48553 32810 53982 70366 25917 70589 67482 16029 8670 93550 29633 33151 86487 80006 41538 22925 4674 65427 1379 99980 19401 27374 1560 53616 20135 5380 3452 47329 1885 27851 82046 46044 52360 52406 83648 66886 56533 48850 50174 98230 61575 24530 76743 30240 50521 15994 53204 16578 62518 46496 91755 38581 20889 8911 59472 65183 99756 65823 8522 2834 45543 87614 56440 17316 87603 36077 83049 30764 94236 75428 45248 78451 13604 67214 63149 79272 78473 67114 4350 4315 93393 64207 81050 41524 2761 47939 40658 49811 36628 24590 29466 75060 22581 85224 99226 25474 91211 2546 35887 81227 15039 73378 19660 54540 73231 28666 97278 57337 40933 76802 36911 54485 55170 39843 99780 83634 84759 17306 88534 14458 21122 42888 3495 59800 21572 7541 13852 75100 95369 61432 77368 35104 29104 37438 88840 39032 984 63892 85700 61174 62562 18750 29617 81750
55891 76312 47349 95124 10592 85512 84196 30968 63465 96643 57578 13332 89222 2167 40715 34504 0 49375 13007 46834 78240 59682 55209 69349 49370 70988 60686 94132 61248 78959 92102 84306 77871 18133 17722 55818 87838 29576 51362 65937 34406 42654 96243 53754 96151 34293 88767 33821 61024 2964 45785 80823 84275 73519 77585 34513 16480 61267 63005 1434 90626 65047 72300 68901 88471 48704 35951 67491 19181 34599 19231 62024 19153 93510 86266 78675 52149 27569 87758 27342 84956 45063 65418 18341 98402 96023 93789 30625 38354 35548 32620 31416 23659 4530 85049 99752 70215 37271 83281 43719 2724 55045 93104 32849 76275 99282 54244 49600 41096 1341 75332 31512 87781 27214 18672 5742 39142 96986 4388 99472 6146 80107 333 86844 77458 48092 9206 1272 32241 45044 76723 31132 19197 22372 80872 49388 21860 31618 59071 97067 32022 94453 28273 21284 22722 96240 60055 23522 9397 5865 6148 60479 59368 27782 32217 60972 51973 93271 32631 94520 24320 52077 79918 15620 49248 12116 37775 26113 45862 62811 88533 60331 25959 20256 77613 69876 13642 41337
69708 36090 2826 17982 99993 31541 88914 40220 93943 56087 70015 18371 64631 67076 54608 27568 49375 0 35175 74100 68227 49704 46570 64026 55866 47154 94245 66551 30221 2957 83227 13325 66376 32201 90505 43395 26759 48494 10919 78861 45843 68792 53481 50880 29151 95130 46463 19919 99102 51506 51608 14903 18512 63066 16213 11701 10191 30921 79760 46184 66813 12470 87768 17443 55124 89532 19875 96884 14985 83886 58275 60712 35152 86597 50091 8557 59278 65445 4911 71405 46254 23528 75571 65015 31389 993 76118 39201 32368 87275 70465 23721 41965 7650 39943 56459 66159 23765 76896 14279 30023 33798 3075 53407 3515 88329 38571 89119 30575 26267 13874 24417 65578 83716 47459 87067 46036 25655 3251 21123 17891 90764 96367 19154 40340 63400 38265 50356 57427 79694 89350 8682 48788 24984 885 33431 20454 94680 24615 1995 4436 4011 29352 13979 72007 11047 90352 32232 71211 4878 11020 21554 45015 16550 93773 32547 41666 23970 72451 94488 73463 83390 7358 30726 11773 12511 22932 92849 52299 89638 9874 57545 11189 39686 67638 59763 11830 37618
87492 6727 2107 26435 64830 31801 55975 94777 15025 74729 46971 57482 9770 5588 52405 32636 13007 35175 0 22714 26779 42646 96401 26259 93077 64661 69262 13487 70275 54036 22321 39128 36056 50145 32219 53512 12191 88304 6823 99444 12302 7883 55149 36655 79508 31757 64702 19467 96119 49449 44235 829 14059 25612 44847 53068 3666 77906 35191 15136 12493 51653 77894 37147 5414 4656 70397 90962 34095 26578 32885 98686 88000 98855 87899 60710 62062 66834 2334 47028 41225 34562 93457 90361 14550 54672 46567 46069 54867 5592 97091 3005 96161 24928 91488 17244 16351 38818 69671 12197 24205 81871 71060 99665 57842 59554 22521 86597 59002 3452 36048 29229 27017 98941 6079 45780 25804 87700 3743 21168 23281 16555 6189 69197 10800 48430 33590 36651 63831 6421 75061 58060 58340 50662 57268 90033 36277 78009 14610 94937 53170 96969 84304 10861 43317 30988 5027 67910 8998 5621 97711 83199 71763 48791 81105 21671 97425 18035 21318 96639 77563 50586 74998 9009 83506 77800 7126 6474 87531 23432 58912 4447 17204 46600 72904 43777 56221 80522
74648 70207 90344 18245 5419 51150 81257 94924 13693 42629 9594 53641 49611 41175 29899 22966 46834 74100 22714 0 87757 24560 63954 74316 14400 19316 46757 34894 76194 60400 15438 16859 52178 71756 60541 72409 36885 77463 95471 8764 67858 76516 39394 16371 96168 61993 8425 29671 47886 79489 69613 5140 14267 43572 92323 50409 89924 22766 9670 84208 56264 91740 22491 25694 47911 5320 65101 23943 20534 69709 72384 28490 14155 56855 50225 38929 29535 1068 11912 27908 91342 25251 34149 52433 92277 51370 16724 82972 64710 1257 47889 62525 4474 2639 20424 40983 34794 2611 98345 65213 72658 71018 37261 53306 5679 45899 96952 21238 28830 60597 8538 99811 40350 10886 69179 8338 46129 769 21941 31416 85293 64178 2307 55517 4049 73433 30481 19467 40771 76257 60140 77864 72339 19273 66167 35408 65864 40937 26826 5648 69315 58670 40912 31042 20582 85616 86183 54510 33196 86949 18483 24199 3066 68432 35496 1027 12365 92595 56857 52421 32199 94800 88607 95069 12168 98508 83780 36416 55220 1755 15127 83126 12852 30211 87815 92683 5938 27974
11330 62959 33506 83015 21050 86786 2009 44360 84152 25029 80249 7531 25723 50243 82640 17572 78240 68227 26779 87757 0 24013 8906 84011 24670 11745 33418 49501 94384 20558 28558 65681 72943 75268 48172 13606 39546 83512 53893 18358 96197 39016 99495 25664 2714 15456 42252 46722 21456 60475 86471 19252 89638 32450 34553 97544 84360 9034 34896 44132 67838 33036 29213 99938 44314 74356 43037 36399 45906 49989 86780 17734 33768 65366 25781 40261 39191 38436 35275 45595 77722 44414 23980 48861 1629 63123 54712 24593 51927 42348 13949 63520 27558 73945 51832 14240 72012 40583 12883 53855 97423 35866 80400 36111 17575 14875 57849 3568 89887 83353 11151 76903 88611 34357 21222 28303 46807 64390 55732 18978 70250 3297 10830 45242 62393 89892 94540 42889 96099 5636 14828 38628 87120 93348 43179 8386 92672 21755 78176 81937 2981 2475 45923 26148 72527 60301 27545 41367 25751 59398 30387 80950 3317 878 21933 83855 15804 24472 11755 13265 86649 5583 98563 46987 92940 10524 82081 9600 9126 70574 28448 4565 81257 3410 85676 84040 62699 26486
33171 86303 29924 85136 79392 50413 35565 54431 57562 8157 9148 47994 7638 57735 35191 1157 59682 49704 42646 24560 24013 0 59492 28555 67770 43292 24848 90893 54763 36584 27710 17332 52529 64019 77001 37961 37538 18397 37859 37712 9418 38598 82211 57073 66565 69654 3254 35478 15998 26236 39410 15107 31389 72343 81185 37092 19129 79510 26521 85730 86760 45036 48824 97754 29779 47002 28454 89094 90575 28470 38375 84895 48734 98340 35105 63822 42370 24739 94176 23210 64991 69701 38867 48616 83517 58434 35562 69955 46770 4042 65165 88706 52168 17384 42630 95935 30852 97293 4441 871 83678 12098 45709 51232 50380 77023 78190 95846 84597 24308 87162 26734 61999 17972 31201 99798 82185 41974 58757 686 87117 3903 81150 885 53444 29607 34242 99072 98513 51399 36264 93435 43672 5890 23885 6379 60354 19932 51544 4260 34201 65853 89523 63230 59098 26981 44654 79473 52394 41703 83555 24235 27254 22710 34219 9012 3196 58566 9064 57764 20651 34735 23980 17946 65805 48645 65695 89628 33774 61817 88911 99783 88370 94665 32485 47969 12206 95658
92452 29130 26495 94086 27400 61673 40704 46593 87888 24133 95831 75740 1617 87746 32624 83415 55209 46570 96401 63954 8906 59492 0 12590 32269 81915 78199 72192 91592 84076 85216 48173 76251 53971 73784 252 50228 31405 23548 35256 57376 97333 56420 27349 42029 41910 75797 2570 36280 63335 76443 6909 28735 31437 68653 26632 46769 66542 64543 8678 15311 9753 51452 96775 80079 81569 97129 63112 39670 71816 40886 45579 3824 67238 67388 32486 32680 13910 26036 58945 20777 79855 2284 51576 36543 46830 69846 62817 98067 53859 9151 39529 51021 83521 86226 38641 4547 14674 9972 55989 44007 92702 54775 67247 59041 88921 96105 12483 29021 62822 24489 54075 21537 9023 94729 97999 72537 60676 25238 12731 44733 87133 17918 38923 36659 10278 68487 12881 79140 49397 99240 93215 35187 40818 61400 64640 8305 94760 37389 99063 42934 54500 56022 76496 53814 84852 42777 38056 83740 99346 44615 51636 60561 95196 45567 66379 94946 92279 86133 39303 57902 73562 91415 33812 74473 78437 94439 74145 75411 15251 63671 22842 31959 22244 45953 98813 62645 80802
10 40908 37247 81567 11140 10748 69149 80810 18452 82965 75904 39908 20885 15187 85658 13530 69349 64026 26259 74316 84011 28555 12590 0 89353 84998 71265 86990 51659 67009 62385 80864 49576 76515 41107 83236 14973 90852 17369 63988 73394 95249 19499 54284 3014 45113 94688 1135 85681 10663 18716 97089 43141 6437 59260 91705 19909 2790 51460 69764 29398 98970 30671 89364 29700 57044 89482 27637 78097 75343 36534 81619 98982 55416 71463 81168 71384 10633 28974 19947 73264 64083 86678 22925 13346 63147 83419 29675 26832 54909 4323 69944 5279 50464 75215 85603 28027 15005 46752 5894 73185 48997 36960 25717 14031 15717 94546 3857 71335 96607 87242 24899 35268 49671 19929 89872 66635 62966 38668 81287 40808 43710 55795 80288 31524 58415 21090 40939 27589 38277 7407 38837 62586 17415 83537 67560 18994 96414 32631 42311 15115 18916 96082 38487 51685 45176 33162 47627 79903 93136 12181 67755 4584 52359 96391 30805 86791 85457 93662 15457 32575 83015 56022 50234 5247 70492 27673 96929 65252 40107 44975 94478 46320 51841 4076 62469 26740 35440
80070 21608 8560 32054 997 35451 98697 32644 52780 57335 61580 74447 49026 17047 8755 81408 49370 55866 93077 14400 24670 67770 32269 89353 0 88000 48202 55620 46945 81498 7239 45838 30798 38471 47089 32000 87872 6908 65551 18572 23201 17363 35824 29693 5221 90495 78149 30168 95266 4124 26976 34654 60085 7043 40260 86029 9927 79559 24646 24901 43496 87480 16059 5330 90954 55893 55593 90255 53814 60045 28939 7043 57310 56479 28741 92223 31342 46653 10228 91958 18932 32172 2543 15023 17855 10396 30284 44249 24368 61538 9202 2004 13928 89188 53264 65541 37865 37226 97557 4701 29917 65277 6588 52145 51490 15497 40243 30997 71863 39695 9026 27113 9788 74943 40951 24412 37069 87394 36248 26750 94707 66606 80108 33857 70969 1440 50178 44865 67690 98263 71723 45460 7074 34300 54062 47914 6723 98502 49014 91378 48934 97606 54349 62792 732 43062 30500 70862 41483 34614 58363 23657 53857 93920 42216 28755 13636 13023 97475 347 67006 56154 44171 15070 53762 19649 52377 14480 67228 86981 66011 41259 48767 71186 51147 70692 34979 71076
61767 13345 51584 24703 87114 8345 8342 52934 85714 4439 2212 46844 23974 83042 46817 19715 70988 47154 64661 19316 11745 43292 81915 84998 88000 0 40316 40238 79232 6081 1187 9629 91127 3137 45482 10611 76270 2453 84278 75372 90281 86325 14760 80615 58227 70984 70894 83121 29351 51098 35252 54887 45883 93442 85153 46333 20258 63826 61686 87482 20336 12570 79624 78189 85148 10826 24359 65666 69122 85574 54701 8227 49487 14103 89648 5404 25361 49689 76387 68735 96397 21728 86358 27820 79579 50472 6382 26553 54634 91226 48681 37497 46714 37911 27394 3661 82312 91720 36332 65066 90325 85369 61010 16207 33009 78551 21515 30370 38991 18511 79639 28369 60645 55607 55452 6051 62675 32662 72767 44175 71357 58687 99912 11921 17439 21345 627 51110 12480 78279 72117 23722 5663 70762 40795 96328 42243 67413 54558 9317 74093 8146 10010 58585 6595 52416 79524 73472 34726 23557 77197 66129 63135 38665 99597 11988 1669 15628 9571 34066 87551 9191 48899 93329 65454 47372 64857 6474 761 59781 43846 22431 33110 80582 79883 31907 38146 86555
96495 15225 55951 35315 36067 29152 23712 38722 29804 86736 74538 66681 42516 63111 49749 41926 60686 94245 69262 46757 33418 24848 78199 71265 48202 40316 0 84596 10793 31511 55243 72472 13746 22246 81874 89146 37416 78340 78514 49713 68099 3791 5109 4115 96526 34286 81832 74119 99177 98160 79912 90271 63124 85626 38568 48164 55228 51048 9574 56140 29653 93731 16066 21665 3371 8845 8024 15260 7524 21990 59999 49590 67008 66578 40690 35304 35720 13145 98118 91407 89559 56472 11378 66710 74518 205 61387 58589 41313 84749 12574 15162 18554 4265 36064 11696 34239 15114 38410 12984 36126 20508 45920 66702 78503 55048 48402 41926 71943 83851 38092 70377 76885 34083 55417 63701 71222 75187 36578 22983 49548 81022 97307 44058 80267 39740 2286 90145 31579 89924 44118 51572 68701 20835 79530 68636 91795 94402 29281 2863 64084 61209 72556 54993 13228 39058 2896 64550 76063 5632 71404 62332 70054 93484 12631 9455 22956 56630 16669 59897 27525 40738 9990 13208 65635 23279 21104 63079 29142 94362 42858 38470 11123 27139 89358 75861 71130 20129
4894 85690 67819 35829 76291 18418 85191 11909 5480 91156 24171 76185 4767 29431 35244 16383 94132 66551 13487 34894 49501 90893 72192 86990 55620 40238 84596 0 18911 72865 91323 7393 1584 37099 9830 52447 46553 67667 64650 78930 19113 16742 91798 11951 6159 9819 33080 57956 21825 76784 86798 63386 59309 57875 86672 49700 62047 99619 924 36959 21622 80597 47223 89206 58136 75720 69048 77633 70481 11512 11363 55598 32992 7463 80695 59583 81411 91590 36202 41923 60988 80683 86574 93027 67155 65508 61669 26421 53381 9989 49167 2608 65034 55233 944 26663 82174 78452 69746 26342 40992 53968 70584 97185 96191 62998 88469 63110 79097 95941 85148 82912 96868 60985 44446 61677 43180 14881 29871 16781 42710 36222 3933 7253 57942 91405 74703 66178 57142 12893 51503 45604 64162 75111 13600 30373 656 88302 3734 6736 57821 1478 21171 14689 10283 41724 82539 57770 86138 35397 72595 94198 15949 94603 93759 3927 30962 5825 57670 12252 29519 90129 63362 78492 81146 73352 19224 51123 92814 43648 20169 66055 35633 19460 39607 16960 79231 14711
80822 45970 52844 41014 13714 55736 18629 52484 11711 76321 97717 10157 41628 19377 90595 95221 61248 30221 70275 76194 94384 54763 91592 51659 46945 79232 10793 18911 0 70898 23538 66191 26116 14182 3847 30295 5274 6462 89938 85330 73323 7372 14379 28145 68884 67753 61968 8942 10808 8291 10919 196 97962 28034 70522 88397 40820 3841 88272 85391 55445 24489 41685 88063 55266 79259 24174 91600 57498 58872 43128 54446 89261 31273 29439 79596 3574 23842 21890 45517 20656 29803 13177 41808 52480 76094 29276 19360 23447 39517 78095 50440 57464 96105 41965 68411 52979 23440 4481 89324 43432 65496 41372 45955 4352 94309 95324 17146 96790 56410 64622 36703 91269 14312 48768 11015 98257 37911 5028 15461 13035 31988 98111 20693 81986 74293 24332 92092 98836 77684 38099 80741 21151 99037 47238 24436 54605 59538 43665 99505 7928 88691 74958 77116 38192 53389 83443 92306 33185 42467 55166 72963 8753 96616 47376 76822 53747 14203 92516 71919 91889 84185 85728 68592 27980 43742 92515 79057 96062 33104 33457 24104 21086 52449 75854 20659 27146 71291
53022 97176 57217 44289 75464 97013 34162 46925 70140 72366 43147 85551 58204 48220 42304 32325 78959 2957 54036 60400 20558 36584 84076 67009 81498 6081 31511 72865 70898 0 81311 66810 98311 98506 19872 36858 48293 98182 99052 4501 21321 78674 6101 47947 67359 38526 95840 55720 29724 62478 74925 89290 75360 28167 57935 2817 49323 51090 88111 64106 22909 51077 90948 17683 9659 7361 94087 36899 544 3729 90365 95480 5812 27427 18837 49440 52337 15451 69661 32138 16628 53996 5278 13943 99414 64906 7893 44609 5895 12602 81627 36244 70046 46652 33324 18244 44995 88435 5623 77596 44687 76437 16040 95233 80356 1473 19654 97405 24983 16524 59543 75690 72136 27320 80519 76725 24739 48908 99270 15001 10150 19519 33605 65864 22492 62709 79762 56831 40289 4508 1036 93409 50044 61941 69692 83853 28504 99553 27789 23462 12611 1726 14157 21768 68636 69768 29009 23851 13165 13254 90899 17478 54402 70832 49543 92933 38406 66097 73535 46523 90550 67550 26952 63983 60423 41983 56194 54043 38818 76228 54908 58795 42860 55998 76406 30454 63625 41923
79910 30804 94076 31290 50133 36484 77493 85817 51228 71813 41580 81432 88290 19965 78476 31115 92102 83227 22321 15438 28558 27710 85216 62385 7239 1187 55243 91323 23538 81311 0 44264 16327 82496 56490 55809 86985 28259 54003 39238 40573 20678 40127 59111 11548 32827 78635 24067 77242 51077 83866 86512 41819 62003 64289 78763 52230 10946 5728 87739 75111 68263 28208 56735 9105 3129 72839 43478 34079 29378 32056 36872 80400 88298 92218 39619 35968 72784 25048 20344 16243 35125 92942 57379 86714 11467 44735 30198 16965 53186 43194 46230 86229 17568 38129 42369 45224 56912 75779 32595 36302 53970 13912 46574 95866 11115 62147 49200 21784 43061 64941 584 31933 55398 53847 29975 39073 91609 36605 91247 70817 72133 64784 8837 26252 25919 79275 64265 40662 32421 82349 37055 219 43764 20453 93281 56465 68955 72851 28766 21097 30982 5006 69128 3622 75553 10013 71490 31663 18913 17619 7795 57126 18331 87579 28676 99985 49979 57326 87968 18550 66945 74791 45469 52903 1398 34377 57411 26123 82748 59104 76803 80133 51104 88485 71426 13911 25500
23762 29656 67123 35400 15809 99592 60900 1140 33654 56851 77859 67157 38066 93788 42857 99586 84306 13325 39128 16859 65681 17332 48173 80864 45838 9629 72472 7393 66191 66810 44264 0 19818 98713 37813 92759 42567 52234 30280 6809 91876 28583 92746 34542 67797 82185 82045 36539 80568 51772 28341 48103 39716 95381 46588 32120 19974 54834 95957 26383 13062 40611 14949 51037 79232 76202 17704 5618 74499 74294 56483 79990 2642 42450 55902 91284 88269 96110 72582 44754 45895 61018 18698 75203 83043 29363 49936 92008 29929 70468 45476 90659 47845 43702 88753 94741 62385 32343 36754 18296 65049 92189 80349 50048 18567 43160 79625 95259 89640 12937 95546 69533 29134 11543 50831 9124 90352 89481 12019 15351 28687 61691 60149 39374 18249 41824 75372 37545 78093 96666 94294 2120 31335 96356 73209 6643 20332 92045 80346 93579 92654 38456 18568 93930 48381 70607 62549 9199 10644 53340 78016 35741 30459 56641 4318 88721 2545 36136 8486 34215 79092 99198 86281 38726 90299 84382 78250 71501 82619 45900 86120 77381 88392 26319 98626 53172 16582 35117
24707 67764 11287 93004 47904 82857 2819 18050 44741 72694 47811 31676 47355 19803 7457 41610 77871 66376 36056 52178 72943 52529 76251 49576 30798 91127 13746 1584 26116 98311 16327 19818 0 54247 81386 88060 26945 26161 26549 17452 17633 78330 65332 5392 11348 13205 31686 70157 25188 63598 26706 32820 51104 82545 62884 5802 81238 30179 73970 66594 23535 33915 10919 85592 67485 98307 48000 80440 27536 8960 53867 17953 33727 72309 50814 72607 74038 5038 86175 50167 80373 42836 19655 58793 74978 23407 11778 83329 98133 53348 5432 1414 68039 20733 89546 7025 63817 3285 64209 70269 45811 2482 54425 96843 25613 32777 8218 63680 6852 39763 57094 73277 16370 87028 63903 79551 70052 1457 52632 35798 448 2004 9872 81530 52920 291 31033 44909 28807 59951 48392 68846 3625 45626 99936 4692 47884 79142 59566 78750 92041 4740 13678 13897 90905 62338 18385 85378 68880 77304 35749 39865 58968 44834 60820 36625 69503 59322 37041 34900 84497 8495 7456 86956 28048 25936 13607 31323 41460 28986 55064 65200 64247 3679 35578 36729 7744 55341
68975 7126 96015 53395 2874 74037 85795 46549 63027 73078 24728 15857 30817 53693 35178 48396 18133 32201 50145 71756 75268 64019 53971 76515 38471 3137 22246 37099 14182 98506 82496 98713 54247 0 62437 70886 37572 17944 36545 4192 54843 42291 24032 42414 29650 14603 16895 21003 80273 53471 79966 87665 51366 88530 71066 88177 11927 36212 12353 71123 14944 32667 44482 6485 90984 58423 98007 78330 81020 95064 82551 33928 10555 58200 25438 77733 41652 80840 55622 70233 39582 81893 21403 15945 67150 5932 2751 21232 2868 30944 92326 25199 85543 29633 43034 70655 61196 21214 31128 11560 74200 25666 72789 98131 58566 93846 99070 13102 32391 50079 89419 58281 63174 86093 95603 13515 82068 92640 17295 22173 2696 96718 43452 12009 97662 15033 59802 25298 1817 1266 96876 34240 22901 83688 60918 78081 58202 39322 425 18163 82593 39934 28979 87304 13548 53983 44443 63880 40354 44992 79510 15346 13935 70718 34211 70299 22629 6551 23580 18577 96870 32475 32144 50516 46088 86183 76170 82015 18520 32928 63444 44649 30845 88858 46233 14454 66382 48186
49060 77173 93833 33470 72552 61863 46659 74795 86260 55155 58985 12441 37584 34217 32962 48553 17722 90505 32219 60541 48172 77001 73784 41107 47089 45482 81874 9830 3847 19872 56490 37813 81386 62437 0 39538 19987 20656 74635 82776 39918 48079 74856 95053 78817 716 59605 12754 931 16488 52984 10431 19652 43840 79124 51428 93310 58940 93548 56299 14946 71036 99053 22548 29712 90855 90707 96413 94119 77939 11978 83611 7486 46059 66290 92553 12303 50743 29002 73827 76876 11596 53254 11851 64041 76365 60562 43420 63261 46331 99773 72571 12746 10396 48980 4779 72934 58161 5802 24788 14206 28855 78638 25563 25190 23820 35141 56830 25525 86740 10216 81484 73251 41111 56747 18831 45490 65614 24478 24153 45769 57217 29867 27820 44470 75203 9750 68214 75376 20778 64601 52008 44135 13097 66312 15001 14533 52781 47335 36142 88925 81091 64214 36641 38410 94505 33506 45166 92598 42045 98335 64250 10759 31352 56630 17137 30753 14464 57439 75173 90106 52213 22018 53881 60224 46805 14811 66495 93821 40018 44575 675 18614 30078 85898 26965 67127 97225
87783 28870 73097 82747 6237 64992 83766 46274 89950 67871 9314 43342 44662 1089 74136 32810 55818 43395 53512 72409 13606 37961 252 83236 32000 10611 89146 52447 30295 36858 55809 92759 88060 70886 39538 0 96381 38682 19131 13935 63207 82965 97077 37450 30257 22328 31034 37815 45663 91240 92335 54409 4590 64298 88328 91327 80170 48645 79491 73546 28645 11181 49996 13692 85251 20699 83532 97395 66538 28743 17387 38390 67321 50260 84802 13393 24398 32971 86261 47773 50105 74065 61330 92549 54714 50806 50123 97107 30856 10468 29764 31917 78094 39462 39415 25808 90537 2378 27353 21286 94876 49645 33486 48313 79201 17173 63808 88893 35892 23864 50888 81829 74256 33946 23473 85519 88267 92050 84959 92933 31965 79593 52718 66824 69686 5950 43706 55387 34927 72235 29361 46659 95581 60225 22106 6149 37138 79493 73366 78534 92285 69522 40804 90782 60244 45472 12818 95010 87345 11484 58667 60870 72386 13292 53101 63263 3631 96061 49402 6122 46648 70159 77644 33646 68357 78952 93647 33945 99591 66518 65105 72942 98291 15352 94986 6115 43410 87493
23252 20481 46497 22504 96573 66262 50933 71357 15193 41726 4901 88410 72125 3059 6673 53982 87838 26759 12191 36885 39546 37538 50228 14973 87872 76270 37416 46553 5274 48293 86985 42567 26945 37572 19987 96381 0 65913 32869 30050 10413 11319 7328 93159 25464 5477 78835 7655 67711 8283 81983 37359 59548 83321 58533 90261 5199 91820 22978 29726 11075 8574 55969 1628 84155 29685 23472 7810 35109 5160 24759 20254 22714 50975 27075 41225 42213 12479 56771 99459 74768 40722 16730 69627 32121 36912 35627 9544 40270 53629 26182 35110 14657 94133 24779 8528 52771 86938 84162 95099 35339 17997 51917 45008 13137 99827 27764 93904 72950 32175 4030 83625 9626 70094 84194 65665 131 72331 41935 73238 20498 18606 90194 90586 88525 73076 80964 5896 16541 94936 71549 76757 87839 604 58984 34231 29667 93219 39146 50277 65486 23350 69026 91839 70046 90843 15844 73889 3919 97808 85715 3662 75136 89343 43970 6423 56294 53036 28562 34709 85237 15864 8899 85631 76934 89996 44720 16410 87129 37201 74023 53426 86519 31099 52354 19099 77733 87312
