46
96139
88365
72361
38091
44714
52457
53726
23222
53097
53745
60019
74368
11146
42353
89567
19420
62039
65431
30731
69204
40281
49233
13910
41602
11281
73972
66496
93199
3368
58518
83428
5196
38146
20927
40273
73892
48195
27992
72300
86743
88507
93277
50968
45688
84996
77801
0 43256 83350 52602 52128 79032 60007 18381 34823 3486 48481 60816 47535 96375 23771 16188 57302 84649 10257 65081 4882 56004 60676 36869 29322 20762 72847 24409 26997 47388 40223 38196 299 49558 51910 9247 7805 78937 68422 168 56101 19059 91061 42103 44897 33645
43256 0 7369 87846 10256 78182 49649 71837 58484 8527 83291 52003 22077 54348 99285 22988 97581 26762 18283 48420 57354 98119 77424 58998 12840 62269 54861 60363 99464 35864 61171 62071 62410 5372 50312 53592 63402 11155 91373 28794 31341 81713 26932 46379 22442 88676
83350 7369 0 98450 64821 96814 69603 19261 68998 33518 36630 74584 84901 84969 92733 89882 42408 61826 99740 29179 29409 84651 22248 22052 68102 98931 97466 75429 92094 93175 29070 89738 45322 26253 60970 94981 67102 55362 10456 68085 58169 29064 25898 70949 59016 28595
52602 87846 98450 0 76164 61916 53685 92619 25734 3580 71054 60992 16938 40813 36320 81767 81254 41248 51785 4128 90648 68368 80511 16388 62907 85588 71735 62169 90600 96953 78758 80347 89085 96583 57810 17870 48252 52706 18360 65611 21612 42943 80649 44352 23563 48766
52128 10256 64821 76164 0 94045 86933 46569 56312 30690 53707 73653 31378 94079 42923 78381 74931 48443 88980 612 42143 79403 38543 63732 38258 82285 80763 940 22185 67440 75422 19239 8071 95670 48020 13282 87145 43969 71839 13469 8262 79034 2828 56466 7927 53706
79032 78182 96814 61916 94045 0 65936 93125 1595 58651 71808 64408 6740 89265 69771 95296 57817 5431 1769 73999 24917 80983 37862 56663 63932 22325 8481 90756 83272 60821 77685 74441 64373 44537 52323 38721 12172 23388 91376 85767 29713 28137 72182 25492 45577 56061
60007 49649 69603 53685 86933 65936 0 76079 95097 57156 30220 67514 94839 33468 12891 67541 98845 26757 6861 89181 14600 94047 68795 55883 37943 54607 98462 41644 96511 3991 43820 91069 90795 50492 46607 54906 94154 26443 21605 81145 19799 6864 51079 24489 84063 26447
18381 71837 19261 92619 46569 93125 76079 0 41636 30061 34167 71980 75190 55439 12889 80448 76745 80491 42893 92239 17719 73961 3439 50154 92091 1209 93483 52287 35820 81835 80380 5909 34400 80256 84608 62120 78895 10743 79881 85560 69719 9231 98691 62434 89050 48073
34823 58484 68998 25734 56312 1595 95097 41636 0 35684 93887 90108 13447 68721 50180 19070 37296 68584 65849 46902 67683 63164 56141 40215 20177 91482 59535 65907 79837 24795 98095 40330 63166 93251 88236 60815 99007 52071 78418 78108 6284 17528 78618 61784 93420 47637
3486 8527 33518 3580 30690 58651 57156 30061 35684 0 74199 82443 82015 12847 12926 55805 28789 65212 65234 11454 7939 83441 74864 97433 99843 99521 27295 96984 53686 11177 33012 10889 93788 34241 26303 44923 50570 85650 50800 20684 2315 72108 55342 45205 30912 16596
48481 83291 36630 71054 53707 71808 30220 34167 93887 74199 0 52885 84533 40014 61080 42067 10986 75447 65569 79699 21809 63573 77429 62115 89967 74982 69324 51200 24811 78705 31809 47577 49925 52927 16820 83363 68139 39424 85449 56497 26534 36520 3595 43129 40512 25587
60816 52003 74584 60992 73653 64408 67514 71980 90108 82443 52885 0 87254 22999 55539 80707 84629 7656 35777 26394 41936 43268 82911 20648 87135 48815 7127 30969 80288 94674 62367 87448 72748 85267 69517 4827 28511 6620 27968 98316 67307 50289 39618 10614 70806 48387
47535 22077 84901 16938 31378 6740 94839 75190 13447 82015 84533 87254 0 42289 64996 21638 90692 71386 99732 58790 55431 25643 14844 32525 12504 17023 72914 46083 59866 25913 67620 33870 60163 70456 67084 98291 10062 29944 52212 90725 84219 78448 16055 86331 34354 82759
96375 54348 84969 40813 94079 89265 33468 55439 68721 12847 40014 22999 42289 0 29685 33497 56707 70033 19739 17754 56318 85908 32420 61123 63316 67064 15313 92236 21955 86418 55296 64612 14059 4702 30932 42443 97824 81846 77490 22959 75166 24909 26516 5084 93863 66267
23771 99285 92733 36320 42923 69771 12891 12889 50180 12926 61080 55539 64996 29685 0 79677 50880 43137 43753 89796 85060 87432 11013 48047 48629 94876 82279 18414 21150 66648 2893 33339 21792 37389 50831 60233 21223 39359 75915 73565 26533 72009 93703 73187 41214 28494
16188 22988 89882 81767 78381 95296 67541 80448 19070 55805 42067 80707 21638 33497 79677 0 37607 48589 28537 76288 72026 64327 96187 83730 57946 53940 99534 6760 58474 67911 3194 66783 56570 73432 3352 80507 4831 28671 79927 16388 60209 63155 11659 86943 74766 16459
57302 97581 42408 81254 74931 57817 98845 76745 37296 28789 10986 84629 90692 56707 50880 37607 0 10817 35263 84276 91291 15621 38889 33955 7778 57381 16586 61657 20326 15104 73040 71433 184 60376 67304 34108 38053 33399 19670 48851 72701 75979 8552 60925 32145 99215
84649 26762 61826 41248 48443 5431 26757 80491 68584 65212 75447 7656 71386 70033 43137 48589 10817 0 67203 47678 51008 8453 4298 2530 37966 83797 30560 3326 88517 45884 43508 76113 10401 6433 46909 74646 72790 37175 66243 25146 75684 43627 4337 89248 18538 19743
10257 18283 99740 51785 88980 1769 6861 42893 65849 65234 65569 35777 99732 19739 43753 28537 35263 67203 0 13394 24809 44123 81370 39247 96977 24707 11295 85825 84108 45164 6077 92535 40247 48733 10253 16458 47934 46232 77265 5678 89111 50676 33395 77631 21708 58893
65081 48420 29179 4128 612 73999 89181 92239 46902 11454 79699 26394 58790 17754 89796 76288 84276 47678 13394 0 92203 76635 35888 30261 43903 60256 45310 78373 39877 13280 47301 96257 25973 46809 22686 98837 67227 88194 8501 33079 63028 50327 72464 89163 46249 32574
4882 57354 29409 90648 42143 24917 14600 17719 67683 7939 21809 41936 55431 56318 85060 72026 91291 51008 24809 92203 0 74537 43373 99452 85946 88399 40928 99842 4373 82975 57335 27781 57693 48819 66465 33997 18973 14694 41871 35335 25724 7633 91886 61818 8734 90088
56004 98119 84651 68368 79403 80983 94047 73961 63164 83441 63573 43268 25643 85908 87432 64327 15621 8453 44123 76635 74537 0 90406 78540 11583 99119 30761 61830 7630 22259 26579 66464 81526 69496 61238 5824 72893 27757 15276 54395 69381 23021 5447 49887 79904 10004
60676 77424 22248 80511 38543 37862 68795 3439 56141 74864 77429 82911 14844 32420 11013 96187 38889 4298 81370 35888 43373 90406 0 8425 54684 22822 4980 88266 5720 30618 9951 86937 97998 27182 92056 86162 86762 3357 8032 17738 6879 33930 44182 91590 70089 21788
36869 58998 22052 16388 63732 56663 55883 50154 40215 97433 62115 20648 32525 61123 48047 83730 33955 2530 39247 30261 99452 78540 8425 0 73182 62683 33148 945 38880 39373 9597 77115 37627 85555 95608 40840 77170 67503 610 26893 34948 74250 38850 32728 96883 90326
29322 12840 68102 62907 38258 63932 37943 92091 20177 99843 89967 87135 12504 63316 48629 57946 7778 37966 96977 43903 85946 11583 54684 73182 0 63799 52503 49720 18661 23203 17334 25842 12183 2229 58059 20951 90077 47550 25063 94814 85078 7068 81387 28079 69099 13711
20762 62269 98931 85588 82285 22325 54607 1209 91482 99521 74982 48815 17023 67064 94876 53940 57381 83797 24707 60256 88399 99119 22822 62683 63799 0 69245 76663 12315 24888 81533 67656 98085 76958 88234 60158 76973 32782 53507 150 67186 4662 32829 30943 99829 46849
72847 54861 97466 71735 80763 8481 98462 93483 59535 27295 69324 7127 72914 15313 82279 99534 16586 30560 11295 45310 40928 30761 4980 33148 52503 69245 0 77344 87153 13822 64792 69898 9835 29549 99894 57712 65642 96605 71415 45863 50600 61846 2585 15555 66371 19068
24409 60363 75429 62169 940 90756 41644 52287 65907 96984 51200 30969 46083 92236 18414 6760 61657 3326 85825 78373 99842 61830 88266 945 49720 76663 77344 0 57385 31682 24877 80354 75770 9274 98491 9963 12915 72032 55528 50605 74242 42986 74905 43690 8473 17408
26997 99464 92094 90600 22185 83272 96511 35820 79837 53686 24811 80288 59866 21955 21150 58474 20326 88517 84108 39877 4373 7630 5720 38880 18661 12315 87153 57385 0 56981 16393 43847 69915 45753 20258 43281 75917 63590 40010 56526 11675 73017 34259 33762 61505 75984
47388 35864 93175 96953 67440 60821 3991 81835 24795 11177 78705 94674 25913 86418 66648 67911 15104 45884 45164 13280 82975 22259 30618 39373 23203 24888 13822 31682 56981 0 37837 15995 35077 56481 73693 18417 55003 209 56509 26366 38567 25511 87533 70076 36725 89905
40223 61171 29070 78758 75422 77685 43820 80380 98095 33012 31809 62367 67620 55296 2893 3194 73040 43508 6077 47301 57335 26579 9951 9597 17334 81533 64792 24877 16393 37837 0 46877 66754 26905 8963 77773 1992 73075 43169 68673 1238 67111 54737 82021 32238 34653
38196 62071 89738 80347 19239 74441 91069 5909 40330 10889 47577 87448 33870 64612 33339 66783 71433 76113 92535 96257 27781 66464 86937 77115 25842 67656 69898 80354 43847 15995 46877 0 21497 58919 66539 81377 17843 44039 35069 60644 8689 46514 93549 18351 27262 88502
299 62410 45322 89085 8071 64373 90795 34400 63166 93788 49925 72748 60163 14059 21792 56570 184 10401 40247 25973 57693 81526 97998 37627 12183 98085 9835 75770 69915 35077 66754 21497 0 23458 36697 77990 58339 68649 36948 84334 97577 38536 63569 32183 50292 65437
49558 5372 26253 96583 95670 44537 50492 80256 93251 34241 52927 85267 70456 4702 37389 73432 60376 6433 48733 46809 48819 69496 27182 85555 2229 76958 29549 9274 45753 56481 26905 58919 23458 0 3204 17991 31544 24935 51177 19091 34745 38658 6776 11865 73980 68288
51910 50312 60970 57810 48020 52323 46607 84608 88236 26303 16820 69517 67084 30932 50831 3352 67304 46909 10253 22686 66465 61238 92056 95608 58059 88234 99894 98491 20258 73693 8963 66539 36697 3204 0 35567 98088 71124 99416 57247 40259 95796 82569 48727 67131 37093
9247 53592 94981 17870 13282 38721 54906 62120 60815 44923 83363 4827 98291 42443 60233 80507 34108 74646 16458 98837 33997 5824 86162 40840 20951 60158 57712 9963 43281 18417 77773 81377 77990 17991 35567 0 20609 29000 60254 74397 77218 88690 65895 71848 72927 86998
7805 63402 67102 48252 87145 12172 94154 78895 99007 50570 68139 28511 10062 97824 21223 4831 38053 72790 47934 67227 18973 72893 86762 77170 90077 76973 65642 12915 75917 55003 1992 17843 58339 31544 98088 20609 0 48352 21333 23098 70187 61268 29753 71223 55878 47365
78937 11155 55362 52706 43969 23388 26443 10743 52071 85650 39424 6620 29944 81846 39359 28671 33399 37175 46232 88194 14694 27757 3357 67503 47550 32782 96605 72032 63590 209 73075 44039 68649 24935 71124 29000 48352 0 52718 73384 73670 98216 88622 30526 46559 85141
68422 91373 10456 18360 71839 91376 21605 79881 78418 50800 85449 27968 52212 77490 75915 79927 19670 66243 77265 8501 41871 15276 8032 610 25063 53507 71415 55528 40010 56509 43169 35069 36948 51177 99416 60254 21333 52718 0 34339 24989 20221 68518 38231 3877 32962
168 28794 68085 65611 13469 85767 81145 85560 78108 20684 56497 98316 90725 22959 73565 16388 48851 25146 5678 33079 35335 54395 17738 26893 94814 150 45863 50605 56526 26366 68673 60644 84334 19091 57247 74397 23098 73384 34339 0 53269 91291 15655 87592 79548 93332
56101 31341 58169 21612 8262 29713 19799 69719 6284 2315 26534 67307 84219 75166 26533 60209 72701 75684 89111 63028 25724 69381 6879 34948 85078 67186 50600 74242 11675 38567 1238 8689 97577 34745 40259 77218 70187 73670 24989 53269 0 48916 39736 40741 37823 42828
19059 81713 29064 42943 79034 28137 6864 9231 17528 72108 36520 50289 78448 24909 72009 63155 75979 43627 50676 50327 7633 23021 33930 74250 7068 4662 61846 42986 73017 25511 67111 46514 38536 38658 95796 88690 61268 98216 20221 91291 48916 0 20680 88726 56579 88564
91061 26932 25898 80649 2828 72182 51079 98691 78618 55342 3595 39618 16055 26516 93703 11659 8552 4337 33395 72464 91886 5447 44182 38850 81387 32829 2585 74905 34259 87533 54737 93549 63569 6776 82569 65895 29753 88622 68518 15655 39736 20680 0 98560 99516 78088
42103 46379 70949 44352 56466 25492 24489 62434 61784 45205 43129 10614 86331 5084 73187 86943 60925 89248 77631 89163 61818 49887 91590 32728 28079 30943 15555 43690 33762 70076 82021 18351 32183 11865 48727 71848 71223 30526 38231 87592 40741 88726 98560 0 1206 65650
44897 22442 59016 23563 7927 45577 84063 89050 93420 30912 40512 70806 34354 93863 41214 74766 32145 18538 21708 46249 8734 79904 70089 96883 69099 99829 66371 8473 61505 36725 32238 27262 50292 73980 67131 72927 55878 46559 3877 79548 37823 56579 99516 1206 0 75112
33645 88676 28595 48766 53706 56061 26447 48073 47637 16596 25587 48387 82759 66267 28494 16459 99215 19743 58893 32574 90088 10004 21788 90326 13711 46849 19068 17408 75984 89905 34653 88502 65437 68288 37093 86998 47365 85141 32962 93332 42828 88564 78088 65650 75112 0
