146
52949
23904
63010
1622
21905
68203
7325
83980
86665
73780
89816
90652
51103
23751
66112
96534
53906
39729
78570
75920
69187
27277
12964
9154
49231
32198
76844
664
79276
1226
83049
56693
55546
15828
69144
44560
55970
20770
42617
79453
18979
92952
46380
34624
26265
79767
67066
69889
34763
70479
78131
45080
81620
1758
6953
43473
68611
56643
78704
54202
50330
55041
56412
21114
56495
75789
64381
90857
92114
13219
45855
37223
27963
21416
31049
92624
41343
25639
64488
6683
45645
83187
10133
50493
6373
66227
91689
49941
83199
94772
31656
95673
10630
45260
97244
89656
43659
15807
74172
39996
29758
36455
32420
28312
10204
49523
4132
38368
80504
58201
27391
67652
34290
85203
16192
77248
76729
77431
41308
25439
66407
95067
53438
6655
16210
46065
73779
15269
77550
91726
6227
38191
21290
51926
74031
65929
5434
37269
4910
5939
18225
47356
28706
9506
28082
19210
0 78673 15506 72823 58860 13651 8421 61514 77158 90135 43900 47838 5032 50766 80390 61494 11858 66214 46157 94857 31436 95656 66022 35578 553 51399 27374 23108 34590 35804 69837 20640 6467 3127 74515 49880 41611 17944 53287 2874 58082 55085 62220 75213 58520 66088 92247 62119 75400 38681 79814 63376 35846 68946 49546 65862 50875 28749 39040 70128 6549 43829 95416 73296 21068 35571 68576 11420 9299 51473 63627 16749 51240 65438 45802 62039 95883 23469 23765 82279 4416 35225 51565 8519 48033 42991 2585 75992 87808 68972 71288 46075 6720 13092 3025 14743 46943 84886 52694 41832 19420 9793 71319 75083 63735 120 68933 26208 56448 8510 76946 79710 62364 87139 87793 11149 79700 97779 89886 90601 77850 21791 64059 30773 1232 43995 57559 35193 29290 55094 4241 99499 83239 44106 48218 65984 62491 2113 44219 89233 81008 33671 19372 46104 59184 99267
78673 0 54270 52802 65720 94015 69327 63903 5797 38190 77680 67681 46822 91731 99485 22258 1859 14200 58393 42621 33013 36096 66274 86907 4725 59816 49692 99272 86252 74987 24067 82326 45240 5983 3186 61519 7947 19553 27832 88588 30420 89820 52842 70540 95798 77319 52781 89643 52702 5735 90834 41900 72620 92184 47151 45648 38624 15235 55233 38787 549 33168 28964 51492 19744 62861 99380 21570 34697 22302 46045 46870 29055 46481 27364 58015 63407 99182 90613 18843 54981 68041 43912 67745 44163 96370 57059 77438 48358 29480 28256 27207 23729 81154 71740 8805 19093 49141 3608 27843 77342 27735 18134 98222 99036 23613 1121 2099 84046 11212 61918 18468 72089 78796 40470 11954 90245 54834 60523 5154 13386 85894 40085 54083 58372 91216 30543 52840 7938 63540 14907 33509 40921 3347 91721 31201 66107 33208 45277 43821 22106 10006 73318 96442 18236 53777
15506 54270 0 31664 45888 40984 55990 1723 96052 80814 10278 21348 34693 78790 94544 23225 41290 81283 39673 53029 29048 82198 31395 22717 24051 97941 20562 82085 582 60043 95419 63829 87415 49519 31489 21924 4734 7484 43362 22703 48572 89676 38767 33760 2649 25186 97680 14575 53217 61235 37362 81094 44010 76583 14261 2753 98494 87187 21214 67602 61056 6191 328 43344 43673 19009 16010 61618 83276 88119 45646 29982 78289 65043 33997 86351 49060 61817 28278 9035 69222 31791 55034 19623 27938 59664 15295 69272 92483 90281 76232 22106 87702 78445 64746 3051 67405 54222 53047 1272 88486 1169 60517 48319 70757 21316 85191 61296 55206 1722 54842 32277 81143 20776 92987 88090 30779 9189 15653 7413 47347 91200 88921 38221 93169 84879 86599 83203 86670 54734 8761 63739 76087 41429 84509 6550 7541 13036 60009 29819 48339 26539 57248 35605 22749 68114
72823 52802 31664 0 16476 24440 96367 24515 42766 76738 25139 36363 46657 68867 95030 66181 81143 8095 30169 34102 78266 85996 67964 11118 61474 72378 86266 76557 2630 83729 17878 54197 55633 51199 85977 18780 2854 41530 33216 86167 30462 7367 70395 34643 44135 21989 81401 90877 45171 43208 46510 94702 67497 41086 85015 28838 21980 84600 17868 89934 88813 60586 32166 85658 43757 21880 68227 60222 9856 83125 62018 3972 85831 55501 94497 94221 84191 58066 40152 52965 52596 70948 89943 702 33951 25207 63187 83585 22011 25298 38727 79839 3902 8190 63045 679 31572 60545 75513 27945 93742 58905 36786 75156 97037 61867 5155 44302 8035 80285 80045 5776 41139 91932 67247 16954 89522 73811 17258 94990 8706 5544 20627 45279 27889 49057 32100 98585 22740 73222 21530 1588 94873 67644 17116 4412 43504 54396 95221 73331 72958 38904 22606 35348 89719 49692
58860 65720 45888 16476 0 70765 25387 98484 46468 24944 65541 10744 72443 29792 76180 39325 49686 98499 92114 1972 54928 65053 11046 25094 60214 11292 49071 62521 65407 64636 98185 5287 65878 80705 40590 42208 63673 47582 52295 97912 55596 58367 4477 76653 13115 60112 32814 40491 93045 82474 19502 55890 50374 55748 45720 4548 32312 70589 64355 10174 71311 92813 88300 79694 57630 85854 54989 7184 21827 61836 93678 42576 34192 16436 87350 52176 66948 54000 92843 28053 67099 50705 10256 87761 5037 91925 98944 26421 68378 68184 72820 67731 95162 72170 2805 85310 11178 31050 41351 92989 38049 10049 60148 25019 16399 24356 97243 98612 69714 5872 51161 22672 38400 29135 22771 70570 9216 20395 5471 77235 30198 73979 66063 68493 70279 63806 40065 97834 75384 42384 85348 93719 86240 32614 35213 63538 33176 9959 48397 68896 52644 25153 11344 15045 31443 86360
13651 94015 40984 24440 70765 0 69734 19559 63276 98633 3298 77465 84980 96218 5143 69116 27793 57820 59593 35106 62747 69754 81445 18613 53881 19041 18878 51666 48928 49916 10153 80979 70796 85498 33109 74330 67930 39553 3701 26189 56839 27196 37370 97095 37985 95151 22404 44021 8275 46346 95151 17517 80308 78298 62758 10671 15229 6994 53339 76944 72651 30207 19205 85009 83490 34183 78930 83584 7955 29136 74666 18515 41919 2843 59270 95496 20812 31910 42533 6379 73901 3173 79307 44756 57170 45390 5403 22461 45742 17751 3634 43958 36475 37323 32734 76186 48100 27370 86412 33580 95138 28719 18132 95599 61081 28205 70205 86189 95842 60255 1830 46265 15067 65736 56642 60378 19056 16860 31783 97588 76684 6188 65208 71064 43061 17400 37519 16046 25285 1085 67619 30596 11504 1330 48231 911 43657 80983 97076 25845 19870 53208 76897 14538 7301 52686
8421 69327 55990 96367 25387 69734 0 41063 45994 5657 45830 44985 74280 52571 75014 16560 377 88096 12149 1659 86193 84114 44315 507 51123 23941 10499 93047 87245 42421 4862 7146 55008 85196 25227 36470 59873 94705 11292 95800 55259 70955 76677 18190 94241 40832 88650 86300 30177 10189 89869 48965 10260 51117 28098 38134 27421 10506 62154 40166 64351 12977 90152 14936 18078 8961 52174 6458 33036 97554 68681 28829 72184 23685 45084 35042 64748 15354 75624 18139 39265 9401 66203 88583 88409 53249 66773 36735 9006 35744 32675 63275 36762 92195 98511 63604 87168 66488 74282 46469 83424 75601 86222 18325 2264 93649 78063 79800 76247 88899 45527 34277 28383 35227 55618 39855 12484 78092 25104 5673 95778 36835 94702 55699 60248 2675 56248 33949 83602 58613 62633 85046 34814 75619 41565 84632 20054 40638 63313 93906 93267 93080 52601 93626 20607 11759
61514 63903 1723 24515 98484 19559 41063 0 53798 47859 18234 43693 34770 41981 88543 29395 23095 75533 59016 22147 69488 6510 23825 54097 39186 27028 24292 11089 58800 64991 9574 9991 50677 18040 54846 13604 88468 56325 22860 90199 62358 42629 32402 59077 2052 1213 77458 94940 83838 91041 30029 73002 48829 18663 85243 71515 46478 4972 84350 69563 96760 21705 51616 81541 35527 16029 77807 84952 25582 97729 85527 76169 72462 47326 48312 24302 43863 48753 30835 96567 46114 76649 25944 75264 85435 64819 72483 20116 87687 76046 72958 37192 11300 29902 54601 67828 78689 71361 75346 73927 86597 21434 91603 56189 29018 17773 63074 78724 46661 17644 14313 63963 37756 42038 78411 47454 72899 31274 84025 4824 94959 36628 7126 20810 60896 44655 84994 60619 90670 81105 60986 85292 63853 12418 17434 62319 28389 34905 62410 30172 23380 28990 9075 94130 92900 2414
77158 5797 96052 42766 46468 63276 45994 53798 0 92248 46125 41694 41307 89959 36935 55155 89349 47399 93757 65099 92371 73341 83980 72277 20025 40668 69222 87251 20695 33851 3782 37008 80348 67789 65525 2256 65586 38492 41942 20846 4965 4225 59267 88625 65134 40205 63960 59898 5187 87197 80213 59597 70065 23553 64864 89175 15787 43326 55940 76074 23441 69669 87385 26210 2506 56647 71099 62836 50958 36015 3084 63812 93227 3016 76255 98553 52282 72642 43270 16498 89942 56704 91117 57892 21917 74771 96639 71116 55370 70267 83949 27862 67437 70097 68171 80772 70809 269 22149 53988 26118 91460 21620 97969 80791 58189 71636 85069 51940 3270 17396 53716 96417 60241 99385 25891 23179 75767 24989 38807 71317 64353 13816 59185 41427 25699 59327 76643 47350 57292 12417 17291 49435 77466 36257 7098 99895 21133 85509 23195 2808 82208 5839 94072 22019 99348
90135 38190 80814 76738 24944 98633 5657 47859 92248 0 89257 91586 25859 87059 6700 539 97268 297 63943 80322 83615 74539 7840 15516 14927 46906 67679 79546 36336 87932 59335 43815 65678 75464 35876 43162 9374 59047 45408 60107 97222 57072 71892 26419 29398 25409 23672 69860 99567 88555 6794 59523 82298 36864 15066 58730 99027 61769 85617 36967 99731 48205 10570 17726 50360 42979 48833 8807 27318 20601 76331 40519 46740 16017 48274 71096 66658 52643 54319 81845 40436 20138 14746 23312 51850 39764 11317 90606 44440 98959 61482 45969 54746 21303 8344 66283 76389 37276 80351 16936 83107 66411 5039 73573 58439 23214 66280 32245 76496 38229 8633 4766 73778 742 27056 51308 57814 26248 17592 42565 85522 41579 54504 36378 90271 97642 12861 35889 57861 75159 23966 5487 11576 32893 86656 62626 36916 54056 17865 30294 67195 64805 87047 24861 9266 47333
43900 77680 10278 25139 65541 3298 45830 18234 46125 89257 0 67703 37 43330 62866 69461 58506 9615 51153 51146 49789 58540 20231 51046 28573 1276 30303 60659 48568 64997 55203 45491 39992 6745 2292 64214 36600 60462 76916 37771 60494 61482 10153 11229 42713 7137 51179 50560 33856 36039 93507 12769 24976 54743 75182 61052 31163 14542 52541 11765 96010 63766 9395 33793 28743 56642 72558 93633 16033 53506 78852 96387 17475 41116 55543 43984 99808 93870 65143 26188 35045 18056 84328 14936 39967 93018 32954 43397 49710 7384 21972 91037 66841 1306 87194 13552 46872 64782 44468 72975 55090 1016 47149 32623 77059 21992 98247 80500 98414 71289 27072 56685 60160 60580 88131 11291 17380 93289 57931 34935 77249 69014 39919 44819 56592 55170 98872 10585 57606 4315 38336 74221 5719 72507 53570 13954 63047 64629 81394 55258 92589 33522 40726 90073 9329 87916
47838 67681 21348 36363 10744 77465 44985 43693 41694 91586 67703 0 27279 66049 33644 32959 66302 79848 71335 58439 21568 77919 42735 22521 79856 91835 29734 16068 17924 59718 18106 48999 63807 58827 87299 91196 62521 66446 78317 18232 4977 9585 61275 64640 77126 92309 62535 89606 67530 65391 76905 90008 53161 99449 96872 49633 399 9308 62420 33353 77274 7451 79252 33936 25653 54712 82994 44018 87872 37114 43962 69042 84363 77307 85298 85972 62317 61086 47238 5729 9 7918 65144 92767 53843 83621 90336 97884 57892 81554 46841 92427 63061 99104 1595 13556 85000 59841 5017 69473 67773 18726 49179 73601 66647 91977 56819 33349 96110 34494 92533 69957 80376 5248 48874 11723 19241 32662 83724 92522 81999 59553 90243 97647 25686 68269 22967 6167 27107 16793 33014 79202 12743 62878 59042 26969 41066 57619 98278 1225 65610 50731 17019 53053 60305 60307
5032 46822 34693 46657 72443 84980 74280 34770 41307 25859 37 27279 0 18416 81285 53836 61909 50872 51431 55414 83559 19223 88500 88036 86914 40281 81938 74808 16479 30530 18988 67538 75621 94386 53992 99735 51102 15624 89824 87839 2926 14046 12200 37316 1158 84399 67486 2691 36322 20379 65068 67363 40335 91096 13652 40327 55214 22270 14264 44600 81412 55203 10327 22413 87922 32657 57674 75312 96226 79101 79916 39369 28339 8591 72608 74354 42937 38296 13082 5089 55754 43650 41991 96283 88304 251 77639 6617 57128 24937 63892 68530 41596 32003 49868 69931 20043 5670 40465 47721 57607 41873 13963 28304 64152 47851 30375 65642 43035 44090 75340 58385 18703 93758 37183 51924 93446 98606 93730 82203 64524 57341 46615 17269 902 62615 2049 16877 34552 32057 88304 28169 17847 23364 92749 89289 82375 65360 12266 95265 58494 29456 89346 95350 90378 64730
50766 91731 78790 68867 29792 96218 52571 41981 89959 87059 43330 66049 18416 0 7197 85276 38137 87343 83765 92790 71549 38344 39129 13723 11951 22740 51199 40460 80422 31517 88107 30367 19451 96578 39953 22316 25055 63113 27439 83490 41278 85705 81646 18943 43569 50895 21627 12828 56104 39541 30822 61277 99132 40936 34286 67533 3766 85179 99470 76584 19210 38671 51135 52669 35624 9879 9664 77356 79909 69390 9757 84914 11155 65507 34866 35672 86799 69274 83145 78942 75769 75383 1700 69929 59473 22658 76661 52471 18646 59529 45525 47115 65841 66926 49550 9656 22288 1588 38411 50525 79388 30875 7170 73068 27517 73578 31911 11685 23480 87072 26595 36510 57141 14901 76697 23861 54919 69922 57916 2406 68196 71398 18762 61848 32710 55342 1186 22990 34349 76908 38479 19025 89052 71044 89789 97104 6284 10407 38709 99349 90283 69651 56686 98050 80037 82112
80390 99485 94544 95030 76180 5143 75014 88543 36935 6700 62866 33644 81285 7197 0 81570 83805 80030 34154 68744 33033 78571 34843 65388 25265 34332 16915 69914 54892 7056 52782 99621 51153 41679 2605 24132 4756 75688 70368 54299 68009 42969 12352 55981 60570 11115 58353 47411 33549 16661 67544 91516 36362 29655 72313 193 83579 58846 32839 98273 24987 45863 64406 85901 92176 43123 51324 1524 88020 35417 7005 46621 2725 91471 10538 8115 94036 92184 36185 89744 13412 75215 659 83849 53914 33554 78094 25548 17874 21796 832 30733 99476 50584 55875 33681 65822 38687 88384 98841 28532 22470 80534 84155 34785 70144 78236 75949 88565 66011 20124 22008 74301 48966 63122 62314 8212 76631 32098 26231 17839 54933 175 23600 13619 70180 55509 87843 28149 39108 75100 50464 26427 57955 97044 31045 24198 48173 70085 68175 9566 292 63101 53472 22943 1891
61494 22258 23225 66181 39325 69116 16560 29395 55155 539 69461 32959 53836 85276 81570 0 48806 16500 74723 14671 41439 61948 44301 81065 16765 63087 94792 83147 90434 72793 39777 77116 32945 44062 98490 73100 46922 42377 57817 7730 66851 13620 10572 56949 93456 71797 21706 47684 49511 77502 22479 54977 94461 54147 53602 21461 35982 59229 96286 54227 7822 24574 85723 66941 41812 65509 65998 39127 29550 38373 4318 35018 69106 72300 10376 91979 21621 7007 99849 45427 64068 21300 16485 68492 1895 89091 3474 92415 58301 91613 68869 61665 49550 22137 9559 66305 52564 26475 34219 29946 94472 26948 95555 80608 32630 68888 96917 30976 75827 8843 44398 72387 20531 60800 14651 98162 57170 36008 25992 68496 75458 52831 46285 98205 14034 17696 6747 40714 42555 11857 1966 74477 88001 21545 42610 93858 8154 14967 62585 87235 67790 77437 88638 97436 23246 66166
11858 1859 41290 81143 49686 27793 377 23095 89349 97268 58506 66302 61909 38137 83805 48806 0 28240 9675 8481 89955 99510 11734 84632 77661 7857 52863 76256 29227 10904 61016 23122 35693 65508 89651 41891 64994 64654 53887 73414 25964 27671 48642 29203 31042 41505 26018 31951 11633 55042 53208 87583 31086 65680 16794 39630 53341 27502 95934 8785 91419 11650 9499 89242 7703 62947 23413 91170 65113 46836 94735 8617 78213 59221 41778 70454 4788 45901 50440 42947 13537 54705 30357 30184 81227 55086 11520 93619 9664 87596 33203 35755 13037 60326 90714 71859 53826 38621 6293 80956 77876 92782 71901 16723 59119 10056 79676 25606 84636 66014 24672 78880 85507 25049 79129 9377 34504 26375 24063 18916 59765 94071 25688 34286 94328 88273 16513 1851 98816 98082 6265 36344 79579 43095 1698 92801 33105 36121 28500 54539 93355 84175 6454 76420 72614 25066
66214 14200 81283 8095 98499 57820 88096 75533 47399 297 9615 79848 50872 87343 80030 16500 28240 0 42681 51053 75252 45774 53010 97702 94348 95637 87636 81441 32131 15539 22412 84473 1344 17354 50335 26764 91529 47615 24880 94672 92447 24218 89994 87117 14267 91379 22359 85413 18774 82542 54140 62075 7648 35358 20128 69060 93085 44053 48576 65310 89015 16415 70133 59224 87023 93924 32257 11580 88219 21587 55690 92258 39745 39974 80392 86228 90679 23093 28766 14287 61732 3767 54164 27363 7442 88086 75732 74812 71112 34183 97291 32905 21338 70981 89915 82864 22488 7861 22172 11747 1221 98257 54692 17152 62475 50846 12627 70795 40274 98252 91335 28267 56702 87279 86200 23640 6197 46657 26348 86251 82645 65397 27954 68811 82868 96130 22519 32028 17986 12682 412 37320 70098 96799 68453 46372 13523 43478 94934 98216 12770 78726 46549 69188 17940 55663
46157 58393 39673 30169 92114 59593 12149 59016 93757 63943 51153 71335 51431 83765 34154 74723 9675 42681 0 36102 80584 87643 69771 18461 39610 54192 3178 20168 73830 93173 33321 76864 64114 16132 60608 51109 4517 61563 15006 51471 51567 87541 50806 63117 33671 77079 96574 20724 98450 53532 93679 23099 99240 83096 30046 3027 65250 74121 38114 57422 74913 60186 36319 13436 15102 30652 55803 50731 20641 14640 84686 99800 61355 31187 51542 6002 43557 55608 66128 15028 52413 96653 75417 34452 38728 55331 85852 68543 13085 57517 9045 86356 96999 68799 93723 84244 92184 33353 37563 92217 98710 33471 75296 55770 43310 54610 45241 60471 44177 83503 76941 23521 5256 2037 34698 20005 64401 16203 11500 54205 10624 817 36979 82525 10874 35140 42603 31304 54520 94416 54302 39261 17296 99688 21264 66633 13467 82317 5032 14246 70060 3094 87926 85689 99298 36836
94857 42621 53029 34102 1972 35106 1659 22147 65099 80322 51146 58439 55414 92790 68744 14671 8481 51053 36102 0 13420 3716 82927 12339 80263 25270 61925 4839 86034 62452 25344 38692 82117 97641 126 99286 21370 17661 90328 2807 9364 81582 28385 93936 81503 53449 86410 87287 33912 83229 83626 1674 98326 30333 21258 91786 84273 38853 30807 96128 45677 74666 28456 28876 8513 50274 43660 95888 53273 6624 96928 20989 9368 80231 85338 31821 99074 21954 72554 88523 81411 63458 62255 68627 27508 26526 5660 23449 46987 36111 4650 74106 60492 62548 31368 34132 93844 6242 63154 43857 24995 42015 64762 67615 16147 34768 33738 76062 98416 21989 23409 95020 60349 96187 41083 64331 52864 64715 88908 8566 52819 97792 66609 9017 39416 83683 7678 91516 82949 66115 67810 58027 63768 80331 20586 59242 3085 12940 92715 26706 47336 91153 26889 70853 63551 51687
31436 33013 29048 78266 54928 62747 86193 69488 92371 83615 49789 21568 83559 71549 33033 41439 89955 75252 80584 13420 0 6971 53182 85088 43284 2407 70362 62318 78914 26158 17181 69536 39883 1399 91836 24030 92710 20192 78035 80582 86458 48762 50892 65108 27882 82911 27742 25994 24083 6364 50850 4937 38777 87986 10221 97721 2310 87806 39334 11952 48485 87070 55541 69455 97885 51094 70775 83708 69121 71082 68830 28170 16136 5575 60829 51885 42349 31519 89401 49003 72982 55289 28800 68683 57700 73586 4775 56622 46051 44508 97829 17034 34184 73086 63808 99791 55912 88554 72113 22263 57195 77274 92368 82246 19372 38093 91517 48357 3147 98934 35347 79414 96783 44020 14278 35508 2177 77173 58771 38663 15406 35128 14231 43004 36678 6013 48437 24771 64790 99184 32551 30777 35962 53700 64117 59638 73781 39242 79766 91743 29396 84701 2536 87241 83383 26563
95656 36096 82198 85996 65053 69754 84114 6510 73341 74539 58540 77919 19223 38344 78571 61948 99510 45774 87643 3716 6971 0 89867 56071 64824 5393 59310 91958 47647 37437 27468 97667 65494 90614 33206 81971 71041 10160 70249 68416 39971 77602 38230 62131 23647 59275 63609 52102 67867 89893 5159 16676 4067 6851 2144 29434 92577 84074 31408 77047 48241 1344 73863 72599 73220 26677 23452 68595 64429 82633 54741 21418 77740 10249 25657 75785 31006 78351 71799 90137 53880 33334 58122 19033 36524 65161 22078 18856 60612 73205 76362 62977 89592 16139 28859 7920 28690 74691 38295 70081 97651 58289 42285 58852 34650 61321 722 73669 41810 77319 82003 58474 72914 80101 64967 24310 59719 79935 91674 3856 7259 66823 22906 16018 17894 56557 57985 42911 47709 79782 31698 41627 74409 56693 72273 1957 35794 78577 96957 93906 78388 2553 95561 61899 42400 71413
66022 66274 31395 67964 11046 81445 44315 23825 83980 7840 20231 42735 88500 39129 34843 44301 11734 53010 69771 82927 53182 89867 0 81724 57521 17516 32631 50299 62885 76360 84229 29467 31448 83662 10608 67921 94142 61707 85574 40327 33880 3460 57942 60158 58557 66862 25613 88477 92935 20249 72872 19688 11689 12817 62618 86892 42984 74844 53562 87463 84010 66646 10623 52465 56738 87839 23411 94342 48707 24528 97127 48515 57413 37879 25622 52089 64051 24951 98916 30087 8134 37408 85878 73603 70542 6974 14642 58229 33802 31717 48156 70336 55762 89917 5674 33640 45177 13419 31503 38735 26827 80056 57028 23292 41437 22020 95633 64269 98357 94646 37350 32730 62603 2833 70193 33554 19860 21699 67162 67851 91970 55491 56386 30810 41171 75268 77340 61515 89189 28422 91144 69831 50410 18538 864 37284 66327 31426 51074 55095 3227 59779 58628 25184 58209 82722
35578 86907 22717 11118 25094 18613 507 54097 72277 15516 51046 22521 88036 13723 65388 81065 84632 97702 18461 12339 85088 56071 81724 0 11234 44153 95058 31712 10524 30086 55753 18571 65984 83219 57205 35938 76833 91749 84983 37314 15774 36941 49224 49176 94081 4422 6212 56203 24422 20649 38258 8749 56558 46075 54508 30688 84310 82055 38768 37332 60295 71725 34435 94582 66 58310 81306 73997 93520 82504 23357 85662 91859 75203 79412 39080 29911 53186 58573 57779 72571 46913 48474 39031 95914 56338 33410 54484 51667 23540 53405 34755 67512 20127 6730 19495 13710 55368 40919 13428 26461 20761 13365 3940 8067 17686 81551 46417 41072 55343 61933 62113 75860 45540 4560 23646 9798 38029 47555 74245 55217 12900 72857 56606 58317 33191 56047 93779 87614 73452 20496 33658 61412 19588 54375 95574 39824 61316 40915 55920 17460 97372 73212 60943 50159 85241
553 4725 24051 61474 60214 53881 51123 39186 20025 14927 28573 79856 86914 11951 25265 16765 77661 94348 39610 80263 43284 64824 57521 11234 0 18639 17949 89078 44349 36764 13586 19492 46419 49419 79748 47134 4926 78614 55147 50854 3373 42724 57354 91185 81901 28370 34676 27618 49510 5352 39751 8223 90364 57564 47158 58935 77578 75011 80460 29119 26765 130 36029 3412 13162 67493 84157 83944 50779 71170 28173 43806 73781 22876 57622 69515 89414 86738 32398 11463 20233 92090 29335 58499 25414 62148 96326 95598 94915 51551 95154 11020 19295 68752 73545 92959 71365 62008 49084 86645 9727 73850 65554 1366 86536 11421 31555 12042 93301 80551 16435 70956 49076 81303 69746 23139 73575 90688 86020 83053 96872 84988 5462 30431 92484 60719 60777 2654 38763 31359 31372 28081 51246 35687 57409 15072 93809 33040 8588 99277 19213 50733 13560 33706 95222 14781
51399 59816 97941 72378 11292 19041 23941 27028 40668 46906 1276 91835 40281 22740 34332 63087 7857 95637 54192 25270 2407 5393 17516 44153 18639 0 4163 45426 63784 4130 3895 57761 79326 14638 79888 20409 49443 91324 33068 83322 82538 76476 39587 12580 82265 33231 89295 37454 55836 90773 56894 86726 49857 34050 67800 61710 33896 67449 4806 92559 34486 47137 49169 12309 19627 6382 94192 34295 34513 71197 76763 45247 39134 36275 97344 40814 88826 40655 36841 68350 18690 58084 70557 98518 43362 76178 65142 70648 53163 36753 34131 29020 24475 77630 88267 47463 95701 50939 37260 86836 91862 97062 36649 73321 27267 7896 50604 44191 46189 77617 43497 56247 26760 76651 14263 91529 32942 52986 3771 38846 21098 44409 37392 35265 36746 9913 77109 6296 50396 34891 45101 26516 86005 14365 11162 92396 94521 17568 5927 53512 19933 10507 29323 20063 12043 66718
27374 49692 20562 86266 49071 18878 10499 24292 69222 67679 30303 29734 81938 51199 16915 94792 52863 87636 3178 61925 70362 59310 32631 95058 17949 4163 0 49315 18565 81920 62850 98381 14411 30959 83369 88493 54587 78412 63291 28875 14813 92548 75726 91585 52632 9689 64984 79197 39188 27748 18498 49939 77893 55077 34892 74031 83189 8284 19837 60439 74190 80842 95144 3646 55687 91423 94317 57100 81940 93499 75175 9728 85522 97734 9795 40000 68910 40291 26931 11882 59546 74294 17192 16370 97454 73625 36625 80384 62951 16035 99660 31781 76767 10062 24381 53817 4558 58571 26438 57335 57227 58146 17052 92699 45060 41923 58955 75441 7611 55861 46706 77976 92591 24155 52988 43465 16837 70402 29572 15878 82270 33688 17622 15192 76850 6546 27529 36634 26621 37690 26178 7285 44801 42526 8526 27185 45012 95170 95026 76959 70966 42384 55944 31292 42713 54222
23108 99272 82085 76557 62521 51666 93047 11089 87251 79546 60659 16068 74808 40460 69914 83147 76256 81441 20168 4839 62318 91958 50299 31712 89078 45426 49315 0 73159 34398 85665 39183 65165 70493 39054 41386 58216 9978 90536 20262 92081 56162 64293 74187 47475 82989 4199 61740 98691 74977 55599 4048 78419 14906 86714 877 67985 39137 69089 61238 43164 28522 18682 93079 99130 26180 56122 745 44278 98411 21497 52613 45699 99137 80443 10909 9925 9303 78275 80313 23815 88950 39699 63223 81299 20218 80401 99095 594 78972 13541 68215 6354 22683 80695 40007 72667 70555 5362 66970 38151 10003 74578 48211 28568 59610 4766 120 63543 32606 38960 68784 33193 34393 7466 50148 21544 94775 43160 81694 25529 7940 72399 40963 26162 66908 27899 31342 5198 44735 25482 50915 50681 36764 91043 91669 21131 20612 7024 22550 39325 6086 37293 67001 79232 65597
34590 86252 582 2630 65407 48928 87245 58800 20695 36336 48568 17924 16479 80422 54892 90434 29227 32131 73830 86034 78914 47647 62885 10524 44349 63784 18565 73159 0 66023 86884 59297 11934 8945 71085 93246 39899 24460 99394 40128 93538 94110 69888 2768 87754 15861 69714 15454 69080 71372 53632 62740 26752 58991 70115 9756 30595 90138 87472 87501 44290 58458 91514 3030 58697 26907 95517 75655 71128 22029 67046 71567 95229 5088 69317 22104 72451 73185 57427 49233 11899 12551 60368 48506 13769 3291 33066 47859 38473 85876 41088 85033 94881 94732 50686 31515 90445 33229 52357 28274 43185 95615 99174 45243 45370 99030 264 3010 46035 43457 86310 68383 55263 52207 70732 90470 78207 82733 60457 96191 28007 50044 52907 71266 36171 26149 86151 56921 86881 53254 57484 75930 21422 75557 34376 23462 52009 82221 28662 91553 70098 29157 25442 36339 11678 17432
35804 74987 60043 83729 64636 49916 42421 64991 33851 87932 64997 59718 30530 31517 7056 72793 10904 15539 93173 62452 26158 37437 76360 30086 36764 4130 81920 34398 66023 0 27237 46542 64226 77003 52594 80277 14802 39747 42190 38988 68236 39245 71801 63070 34410 68403 29590 7647 9095 51474 10296 53266 66745 53232 49530 38505 35266 67442 85011 16352 10762 28883 4831 86249 53694 10195 75668 88933 8384 5392 42651 34281 64704 55198 18336 89640 88401 1004 48913 61831 69897 82351 63617 51397 11194 261 22551 49388 22457 71763 60628 66906 63614 31284 68678 88365 6086 92931 69205 26899 31575 31152 38435 23611 9098 18334 22506 4409 22581 57479 17117 7844 56514 1740 97362 36277 76624 17345 24565 3975 34291 5464 88016 64689 71676 53432 21041 49227 35327 80143 442 7908 18679 73258 8465 88905 95473 18380 9686 8147 50973 67021 64040 85267 46807 73144
69837 24067 95419 17878 98185 10153 4862 9574 3782 59335 55203 18106 18988 88107 52782 39777 61016 22412 33321 25344 17181 27468 84229 55753 13586 3895 62850 85665 86884 27237 0 45782 54248 98543 549 42181 94752 47668 83671 89614 98647 28807 64815 81557 59806 12066 80644 39578 86251 53537 53453 1617 54865 56254 4262 26277 81161 22964 31268 59743 80995 87677 76091 90135 76104 48172 15311 95583 55598 59123 8068 93784 79708 43221 35695 10507 31325 18383 80258 76571 73052 5592 37864 60932 68049 14412 75170 74956 70793 34208 38037 349 30113 2311 77515 32228 74667 95580 94207 9123 10644 23961 22275 24630 41945 99678 99005 3080 18338 13918 85831 79281 92198 75647 20360 38569 52726 81676 31485 94519 8666 40824 33137 53087 17074 72421 24465 31480 32357 24053 22309 91093 34807 925 41634 42976 31838 16143 90173 33558 85355 85315 70592 61263 60637 10776
20640 82326 63829 54197 5287 80979 7146 9991 37008 43815 45491 48999 67538 30367 99621 77116 23122 84473 76864 38692 69536 97667 29467 18571 19492 57761 98381 39183 59297 46542 45782 0 94510 44948 77291 11574 91225 12301 90578 66677 69691 97400 15396 86274 12300 44623 452 26534 96220 20992 38596 6430 16970 3696 17355 88088 86567 78105 89148 93039 26106 51073 97008 606 72281 19842 93552 4271 61614 68745 97483 1329 57750 62108 12403 92954 39778 43651 1691 89582 43663 56850 7778 51321 27120 85327 87573 69568 22306 62761 46673 914 33529 61794 59486 92659 91319 39983 3740 86459 71550 47799 8663 81597 72822 272 98582 17464 27132 70755 2659 19897 37545 95100 65451 32334 17195 2654 15293 90828 38683 9606 8812 98138 59856 93115 34328 3161 2540 2456 86564 89445 29173 94508 83762 96342 58315 69649 63422 12041 14396 87163 47003 17137 39760 55928
6467 45240 87415 55633 65878 70796 55008 50677 80348 65678 39992 63807 75621 19451 51153 32945 35693 1344 64114 82117 39883 65494 31448 65984 46419 79326 14411 65165 11934 64226 54248 94510 0 73668 30100 2704 2078 10348 60156 83012 7178 28450 77066 96470 8373 94191 35394 58361 57020 64857 44583 52871 69215 62034 33020 30481 47894 18372 20471 45330 98027 80662 94638 1681 76070 72821 83554 16640 91991 2114 10704 21564 23455 31600 3149 94046 868 92053 43353 53689 73737 93145 6159 62302 5571 61269 12071 41208 17867 52666 6953 98723 32840 91652 65316 16327 29442 11687 37888 53168 41029 27201 94503 1981 8837 26372 48769 17876 77427 25365 93355 88309 83257 79806 92556 66280 14232 33493 10563 95734 63689 79264 11515 62514 84031 14356 25137 69845 71068 85971 49577 94066 17949 2464 69379 42098 35173 70419 37083 60209 37976 76467 19145 94762 56397 84092
3127 5983 49519 51199 80705 85498 85196 18040 67789 75464 6745 58827 94386 96578 41679 44062 65508 17354 16132 97641 1399 90614 83662 83219 49419 14638 30959 70493 8945 77003 98543 44948 73668 0 7479 39847 87313 74014 90506 84501 69091 49890 1267 34720 78656 97834 12482 93754 66128 90683 76778 21687 52977 98527 74718 20382 3230 13091 36588 20210 17394 59164 86420 31339 85519 3311 39836 28900 41350 75578 74858 79736 82345 47847 68435 5178 5261 23927 69600 59812 77540 96163 66351 71713 15885 51581 93270 55460 29113 64407 76301 91123 55338 44121 71 1506 81287 50011 90138 16740 95207 54812 33186 98728 32791 5859 99840 57991 21605 96068 38807 65503 61393 97837 70633 45027 26822 94601 41169 60886 93867 47630 28682 18321 4595 46652 73724 54959 85020 19723 19722 12760 32493 56997 72824 30656 56255 91529 49456 9774 87457 56896 13708 35213 47616 81273
74515 3186 31489 85977 40590 33109 25227 54846 65525 35876 2292 87299 53992 39953 2605 98490 89651 50335 60608 126 91836 33206 10608 57205 79748 79888 83369 39054 71085 52594 549 77291 30100 7479 0 87804 2457 55708 3745 22453 98134 72992 93753 51178 98785 37301 56712 19869 68651 84684 38672 92946 97047 79643 22152 21288 44853 52645 57848 88919 57227 20931 60420 74608 1305 53688 78038 82739 62709 17187 6122 22614 58459 94447 40566 6309 33745 30533 78690 57617 79306 22247 34785 19605 31768 60755 73519 67364 83936 97039 33802 24379 33340 18005 43599 56184 88677 88993 81738 77621 17123 9408 75034 36769 44820 59276 13668 95498 32590 4725 82691 73155 47796 14736 86247 73685 4559 13037 3946 88384 41613 83036 6853 70277 59632 35700 65962 36812 96189 71667 2020 33153 37107 64136 10819 44947 89168 73312 23905 50229 18599 95174 68713 75780 19613 39355
49880 61519 21924 18780 42208 74330 36470 13604 2256 43162 64214 91196 99735 22316 24132 73100 41891 26764 51109 99286 24030 81971 67921 35938 47134 20409 88493 41386 93246 80277 42181 11574 2704 39847 87804 0 76018 77358 28757 21056 90830 80375 25069 95444 51577 93910 37557 17690 56027 62812 32823 97215 90736 21166 30539 34432 50122 132 75155 22862 33083 89919 50784 21755 40251 68898 78112 58063 80179 50163 68971 88713 90643 74221 82256 2200 28586 23256 44226 30795 78021 35057 57742 11135 18164 53140 18628 17042 80884 74547 54695 19297 16524 97908 8988 88149 49846 53026 32702 3012 36958 22673 39489 99206 79587 62278 56306 97628 7711 18872 66468 21760 33250 93317 15565 85654 38817 25772 15904 44834 4562 32106 115 81056 72974 72301 59667 34993 35346 42591 63643 16433 64866 30800 67407 12436 3845 47 22348 18055 94987 15692 89843 31362 58156 83996
41611 7947 4734 2854 63673 67930 59873 88468 65586 9374 36600 62521 51102 25055 4756 46922 64994 91529 4517 21370 92710 71041 94142 76833 4926 49443 54587 58216 39899 14802 94752 91225 2078 87313 2457 76018 0 14354 93192 17192 11995 32285 78524 96710 31351 89353 8847 22093 36490 7574 27877 38020 21782 58633 1945 71895 9437 7504 62256 47357 46280 27051 17475 27603 41017 84462 65004 92200 54079 36040 43347 41049 42616 16444 70824 42645 71670 42299 32867 18593 6781 12861 13149 46907 30606 33166 81827 23535 88685 21242 38984 32786 93453 34382 12797 1047 69810 70711 15442 78094 93755 9558 9883 77965 80618 58920 2515 68235 87454 38099 47462 95465 24010 47968 26030 52251 60715 88421 18637 33962 20278 84259 53492 29893 99434 22889 40155 61945 9799 30349 81967 83524 62489 88266 65008 32194 13915 54438 76269 74105 55136 14188 20983 67014 89812 48982
17944 19553 7484 41530 47582 39553 94705 56325 38492 59047 60462 66446 15624 63113 75688 42377 64654 47615 61563 17661 20192 10160 61707 91749 78614 91324 78412 9978 24460 39747 47668 12301 10348 74014 55708 77358 14354 0 89449 28541 46565 80052 55020 70533 34804 13272 69926 28456 35097 52514 14227 68383 38334 4839 82390 36781 40320 61126 3670 24311 8442 98260 80613 37339 84554 81379 49017 73757 6885 27666 19991 81282 21778 4891 88227 10685 22959 55023 41028 5266 63741 14831 97164 28597 79557 47939 64642 15737 71442 41762 9511 4061 59653 68738 59337 37883 69914 70552 1018 15344 63730 38515 11188 18678 49623 93628 13770 91501 43447 83842 41103 56489 18163 59180 31830 46442 94558 51294 37507 58063 23388 28382 32008 73209 62055 63918 19174 90981 79689 82684 24074 43858 45768 98295 72900 25119 39782 98500 68565 1603 51357 93394 9414 93923 12066 25014
53287 27832 43362 33216 52295 3701 11292 22860 41942 45408 76916 78317 89824 27439 70368 57817 53887 24880 15006 90328 78035 70249 85574 84983 55147 33068 63291 90536 99394 42190 83671 90578 60156 90506 3745 28757 93192 89449 0 7209 72592 5956 93820 6614 79015 27262 57538 52125 5988 72898 16154 88101 23226 68788 34926 11495 33703 95620 61546 47703 50783 52669 16242 53985 20757 28037 75097 42404 95076 56411 67443 43482 84806 61117 60569 58 61740 39742 11626 25909 76750 81742 89586 21785 77330 6089 22161 67762 35042 13066 41000 26288 47612 20670 28557 33243 21573 78330 35183 86714 39120 33359 8565 27577 71651 52953 17676 13871 40049 8173 33818 67457 37201 83928 96092 55199 16746 50136 83538 69997 96496 92884 88111 23377 2474 52774 12685 11615 28497 15735 66211 64487 39422 24024 29510 11085 34024 79888 88625 87146 61490 27682 37632 34649 79997 59146
2874 88588 22703 86167 97912 26189 95800 90199 20846 60107 37771 18232 87839 83490 54299 7730 73414 94672 51471 2807 80582 68416 40327 37314 50854 83322 28875 20262 40128 38988 89614 66677 83012 84501 22453 21056 17192 28541 7209 0 85748 33693 3553 93300 5032 19034 71989 87638 60989 59885 65452 58239 90609 62535 84494 98131 64003 6406 92637 99897 60342 59917 81436 26513 55505 93013 57222 47567 5534 98106 62341 19477 46252 98547 31194 11096 64952 13348 98099 38273 56346 69318 89832 79721 19785 1786 90305 61047 98482 11910 93795 95646 85659 55443 44534 9857 55466 37289 33543 32336 94896 21850 18880 83470 51811 92686 45238 57133 57619 57774 71023 16920 53027 98730 92163 31843 61853 82259 73562 51151 49629 23275 71763 95304 30709 33884 79095 86983 33969 88468 59840 4853 23236 48017 13192 16169 73725 92696 40892 29124 9697 96286 68338 69358 21799 98938
58082 30420 48572 30462 55596 56839 55259 62358 4965 97222 60494 4977 2926 41278 68009 66851 25964 92447 51567 9364 86458 39971 33880 15774 3373 82538 14813 92081 93538 68236 98647 69691 7178 69091 98134 90830 11995 46565 72592 85748 0 59353 88831 84784 36714 83983 7245 43732 69511 43359 37906 25714 712 95915 30807 74809 26279 78497 66311 83167 95905 36905 43396 28626 8365 72313 32588 5238 58772 64528 88094 11169 45379 34845 94444 69985 50532 28599 80833 71490 38398 27732 5768 45999 69010 79131 4778 98922 72042 24490 56873 1872 91937 20908 67035 94020 38422 52950 97950 21797 18469 17808 11357 56938 14826 40361 32598 31713 79175 69293 49449 13826 31657 77521 74263 31865 737 77621 89203 92179 79393 15549 78357 27934 7411 8419 23929 66838 17823 69254 42611 6632 32215 43690 55916 96558 36481 67698 95647 8149 94290 68978 30485 79700 85043 68943
55085 89820 89676 7367 58367 27196 70955 42629 4225 57072 61482 9585 14046 85705 42969 13620 27671 24218 87541 81582 48762 77602 3460 36941 42724 76476 92548 56162 94110 39245 28807 97400 28450 49890 72992 80375 32285 80052 5956 33693 59353 0 51183 68522 50345 22698 18290 99474 49426 1160 89556 85908 37415 14869 66305 88961 33564 38341 23646 82292 30744 21666 28490 54082 43294 27233 53513 1099 68151 25377 4638 38779 23588 7163 77365 23947 70769 61535 19114 50518 17530 91370 64180 68714 74949 85944 51255 61265 7179 76788 9971 81221 67101 74164 79604 37873 97310 49805 99269 24564 77502 82298 13521 42784 55988 28330 99805 45422 12973 4503 65638 69236 29900 10038 50853 73993 27925 25261 47206 76566 50943 57294 40874 97147 26473 68108 86989 153 18291 77098 82764 303 71342 12752 18284 40914 17744 34810 9594 15873 82893 51071 42751 177 42297 69348
62220 52842 38767 70395 4477 37370 76677 32402 59267 71892 10153 61275 12200 81646 12352 10572 48642 89994 50806 28385 50892 38230 57942 49224 57354 39587 75726 64293 69888 71801 64815 15396 77066 1267 93753 25069 78524 55020 93820 3553 88831 51183 0 15605 6174 71731 28812 74900 30265 23007 29055 67485 35440 12343 15957 28715 22286 38233 75735 84568 72992 6956 9474 56495 95581 30811 61545 68373 14217 61805 25336 50844 74210 80177 11494 11480 81904 42348 18468 62125 9849 56915 9255 2032 88297 75914 8033 79252 76035 39079 49188 390 13260 71029 16700 19489 42525 21934 75179 60468 64419 63372 30114 96571 94142 17941 72095 88239 82103 1976 48082 90486 78550 34171 4210 60247 19462 63357 17232 52024 37436 69960 76458 44967 25568 59768 39431 82800 46705 51279 31011 26428 25525 50653 65707 81306 18149 41936 35429 51183 97251 45178 73762 72552 79052 63753
75213 70540 33760 34643 76653 97095 18190 59077 88625 26419 11229 64640 37316 18943 55981 56949 29203 87117 63117 93936 65108 62131 60158 49176 91185 12580 91585 74187 2768 63070 81557 86274 96470 34720 51178 95444 96710 70533 6614 93300 84784 68522 15605 0 70258 57087 73040 39624 81521 52914 61482 11604 57447 7629 50603 65431 66168 55193 47088 30012 69264 10474 12667 14245 59373 1260 46190 32782 631 20842 31983 53950 6484 53922 33939 33780 72375 64686 56877 78184 62445 52846 46576 93916 78296 50900 559 60598 68813 62278 60290 4235 35680 13050 49830 21670 2450 51541 79209 95622 7774 54306 85285 52848 16613 94874 81225 54167 34832 26993 13271 42899 90839 26957 70365 55483 70583 33700 73643 22682 88609 62646 71380 70009 59879 25091 17846 21526 11664 72546 28847 96280 8204 82077 70694 86391 90823 42807 45464 63058 51548 6567 11785 50565 2902 44152
58520 95798 2649 44135 13115 37985 94241 2052 65134 29398 42713 77126 1158 43569 60570 93456 31042 14267 33671 81503 27882 23647 58557 94081 81901 82265 52632 47475 87754 34410 59806 12300 8373 78656 98785 51577 31351 34804 79015 5032 36714 50345 6174 70258 0 28190 65374 76652 64891 93523 25162 71044 82040 76932 25810 38678 73705 26749 64359 13146 99928 51017 58829 30617 44957 19389 51699 26605 17339 81505 83918 14912 24253 83055 75087 22400 71832 93313 36874 91316 41815 28765 17502 67620 87489 89403 3267 53899 12541 73414 65047 74258 74793 45247 39873 62228 2838 44965 83749 658 41801 37552 31610 32569 96910 67002 80156 12971 68714 6798 71201 83821 84153 73650 23349 24045 91911 91027 34440 67474 29587 70656 84298 12174 29715 52406 13062 92303 72769 80052 69503 47360 86460 19591 99566 6885 3315 81770 56175 21206 25799 98153 59992 27801 48525 64565
