140
79468
58058
53675
76849
70251
63902
82974
11635
30234
99719
89298
5980
19398
79573
6109
99032
89635
10011
49808
41449
66581
84107
7628
7643
81486
6986
12917
33644
15653
34892
70549
6323
66261
26135
42666
9943
68605
90050
73054
59773
79681
86058
13792
59224
96079
11344
3928
94007
16540
62744
13212
16114
621
18279
22824
76727
85642
89547
89812
38041
26142
17833
36352
52697
97265
26429
64881
95079
5254
70292
81611
11345
36919
11027
35007
46749
17268
17833
59483
3849
64753
93129
85539
67595
76008
72892
99478
27598
72651
5829
18590
79608
3205
96275
34367
74627
35446
60077
1781
14610
56960
43803
43200
50971
36745
58350
37845
13752
75120
22247
61394
27413
63717
76741
16232
14090
34791
21852
20401
57068
55624
11223
20842
64078
75631
25687
27096
46319
72663
77872
13111
21251
59911
75195
69706
40475
83328
66932
57909
40877
0 73519 71629 54231 91665 22811 19861 62107 36382 33779 82767 47341 17063 38643 92352 20248 11351 98528 19294 8645 52446 27101 30024 23792 1467 83812 6317 52002 77810 77002 56370 8023 14198 96199 47396 38168 45376 66297 36253 41696 51114 12326 27076 40572 5152 72133 81291 4748 12843 59526 12302 62837 15939 11754 63028 64181 56222 91334 99337 56475 55736 84027 33136 53805 27904 88936 10467 87652 72602 1413 30916 68347 67074 32306 82472 66623 15150 54830 81011 65816 60900 91223 18923 71128 17515 73143 84862 1656 72436 27275 73908 66808 86573 28642 42921 92334 82562 94125 34619 32653 37834 40803 58860 87818 57698 78473 50233 30437 35662 12850 53973 24790 67001 62865 91131 36188 56080 74499 61639 41560 98000 1597 55940 26164 38277 88435 47016 95347 72961 73575 53754 88686 86439 79196 3528 60383 49261 25576 22618 7394
73519 0 82173 99354 59250 60646 3115 55028 96349 53640 54722 34516 6264 62682 36192 58264 54988 66324 98148 98421 70677 62272 84873 88912 17270 10247 35664 12873 60757 9801 10747 9121 4020 95877 24650 50389 23378 82889 83205 14860 39599 46836 79064 29078 20533 1180 77322 34200 39446 77319 98389 9106 84035 42013 87568 19888 10900 19069 42559 66614 88282 69170 16908 32043 12051 85198 39495 87817 15473 30985 73811 74831 57431 39402 69857 81761 4352 58348 94872 72224 77415 9832 97228 88803 51810 3808 51995 13317 53262 17977 42861 19868 47560 93740 89841 56238 79471 53405 73050 10370 49805 50681 51985 25352 80657 13169 41554 1386 70862 89246 7038 80462 89015 48761 67262 48932 74244 91342 23303 40335 83546 23890 27747 12155 75202 69742 79742 67693 60810 10759 42694 84153 79661 10920 52732 87504 51979 81962 45077 76145
71629 82173 0 12197 70209 37631 85481 72295 64926 76970 51548 23729 34136 82172 87553 73731 91228 72737 65353 53292 72190 69835 57498 49546 12248 64916 43109 3878 85923 2786 79220 18949 95027 33690 53597 24919 92693 18223 2537 21781 87698 63481 17587 17635 57583 62839 66829 32991 91537 28817 97938 78038 59895 23506 78255 24473 48570 66312 85684 4778 15653 35030 85942 81017 8064 15136 43139 62235 58934 38549 96572 29469 98690 70989 47643 38270 27004 75042 35226 23564 33685 61976 88691 339 34217 31839 25607 59850 50901 64580 10620 18008 27749 80684 97082 10700 91111 26408 19293 4855 13085 11105 78407 27533 17518 14877 9827 54352 83773 66669 47572 15026 41801 50833 32617 18822 8575 94426 6090 67647 90596 46481 75549 78306 48267 12497 26390 65342 66803 47542 18559 45360 67351 15465 58477 69135 46688 80696 33206 78597
54231 99354 12197 0 61113 66761 64399 44599 62373 94367 54802 74173 77353 27472 84616 42416 60531 32617 31478 88310 39468 33975 35952 58374 30411 69759 45211 83978 70122 24558 12464 73485 36626 24178 53591 19167 79434 80858 6161 78564 88575 60068 38938 45008 38424 35996 17983 35575 65893 84008 12092 10294 52958 21425 13324 74150 17211 64095 93631 25947 21525 18313 20669 95025 19057 59824 56933 3708 55408 5633 94787 92909 23954 62072 43819 44125 58047 38048 45748 90133 21995 88305 63251 80602 82775 78021 17555 73083 19136 12456 58699 50831 21195 6017 7418 31598 89476 52211 56463 34575 73180 83183 26416 66290 5279 3943 32751 95817 57383 79513 52855 91658 87273 84247 46732 3387 82792 6429 13147 83612 89673 97982 10008 40024 43889 32105 96359 63211 11745 11184 86463 70751 64815 74256 83043 57057 23376 55600 30975 72384
91665 59250 70209 61113 0 18203 65901 66315 50008 5196 13913 67217 70940 69606 12530 95616 62329 15308 9166 83408 78630 52665 46323 55555 6783 30727 5629 61634 15452 35420 95223 85397 18313 55491 31565 20173 67212 22193 56904 65146 25874 49218 70442 83656 35522 8523 1057 44967 48567 45154 47478 80892 94981 51035 60335 64547 20473 78522 3322 570 69868 9888 99117 50666 94916 88343 58870 75904 9986 81652 1798 91093 81346 86505 52762 15212 1327 69418 99056 87032 83934 36882 44016 81143 90044 72700 39688 50875 37915 69393 4942 88910 28888 10588 66937 9439 6321 76037 55370 24130 2948 56300 65107 96691 99147 8007 54698 24572 54730 42336 23866 4790 98358 85955 11515 50764 2369 56511 28750 94456 39597 64706 23229 80236 50821 32134 54347 28074 13087 92766 438 95910 6662 62702 9514 81823 59080 78812 56740 63572
22811 60646 37631 66761 18203 0 18515 52878 79511 72315 60449 46201 81134 6547 86904 48728 82819 4617 12883 61618 97749 95028 97461 78018 12549 46597 96894 69458 57183 77583 35681 82423 13014 29896 61234 48844 95910 71365 71120 90977 7749 48604 9557 66381 49845 83485 83794 11321 35529 5343 47476 61963 42778 24345 56457 18583 28264 83041 79756 48003 60180 53242 64122 10722 90331 7345 55014 34223 98370 28753 59222 24076 38205 87042 94210 40242 29571 89322 77085 47576 37241 95598 41088 79467 52241 90205 22725 7114 3961 1258 50940 99552 67937 44818 39079 30699 31373 60844 89029 29300 85096 71860 33867 72450 72129 4199 5671 47058 684 71444 2482 67330 85166 79531 41586 7167 99912 11727 98325 72252 31299 40172 28165 21057 9291 25206 66126 42886 23191 70518 12886 70137 95018 4453 91553 70663 88397 24995 29580 49544
19861 3115 85481 64399 65901 18515 0 20549 17714 20401 4446 30102 59440 72187 21498 59266 9553 54668 72582 18134 21582 76044 50767 77105 27565 51782 41148 97585 33817 29449 52409 67550 92673 85124 67921 81384 73678 1834 64418 13201 60362 52884 78705 67360 87374 11570 6755 55031 20129 92715 20329 34969 81258 13990 48791 25549 67007 36896 65381 66767 77503 86117 10255 82403 97376 32367 19936 71281 4022 91963 7772 62267 67272 38935 87975 57959 93416 69302 21867 17255 2880 91828 32730 81186 16080 55396 79382 22222 17541 23992 43650 60562 75117 87920 63739 10920 35521 56445 30205 14019 29009 57060 43359 36490 10561 1998 67908 903 23467 45524 70631 91913 87361 12288 34888 49728 60734 35872 3969 13443 66653 12388 43129 27065 72351 97698 54427 75790 27573 60567 44774 36410 73031 7587 49860 88554 58226 44067 50194 15101
62107 55028 72295 44599 66315 52878 20549 0 19809 59058 43646 90734 12224 68779 19940 88816 44816 98157 73090 63665 11104 22572 49863 2453 91128 85530 58147 49987 6499 71752 91968 76871 43623 95383 65782 54744 40357 60612 5250 88150 58578 3182 17194 40026 22254 34182 31415 3705 74738 59803 6300 93056 87809 51706 56788 35410 66243 29227 15791 30857 54598 87410 40985 23705 3900 17996 52997 99355 7070 85410 880 2877 13026 43635 92810 50744 93737 98176 9574 80011 96851 55397 48419 75967 72634 11220 52540 34087 78375 19423 21013 15513 62798 73816 32485 74631 72646 28727 23607 74178 31705 50265 76885 85442 50548 14653 39815 18305 8707 47700 24246 6469 50585 47999 70534 64941 79756 90236 55627 10200 31955 30138 19633 93988 99784 97889 94328 19871 84328 97763 87504 10140 8498 89902 59191 78547 92188 13503 6388 25237
36382 96349 64926 62373 50008 79511 17714 19809 0 50637 84887 87882 83109 8275 78573 53366 69271 66036 21001 88926 73895 21801 7045 7840 61887 87482 46230 96261 73352 62392 38981 9891 70600 55719 36492 87812 70647 59131 19801 73136 58325 56245 52698 16908 85089 65822 62160 76843 43792 35285 77500 78293 18219 32407 22858 74006 11473 80216 28608 79058 57383 45019 40685 74077 14745 46766 39359 26472 33143 17124 58016 34644 96299 55587 27083 93341 44293 67104 22112 87353 24620 30996 83770 36323 98569 43466 68064 30147 17724 24859 88635 11633 61879 85049 51105 88253 27931 4916 69253 78103 84929 26260 70185 73996 89039 73012 2707 41153 50362 40366 69281 62659 71818 23645 32497 81190 15777 91266 69725 23681 95706 74739 99306 16100 97606 94564 47549 69351 4344 13739 43061 82060 49567 44852 37428 8595 50367 62785 54732 59943
33779 53640 76970 94367 5196 72315 20401 59058 50637 0 5746 27227 97158 35224 46645 44804 64659 15024 75186 10649 7698 20827 67562 86324 21591 16601 46785 24954 58887 61710 53511 9080 79983 19669 52891 65180 28312 19198 86203 51981 93121 16075 95164 82422 86333 43061 28657 30422 13775 65125 92013 80014 48575 7453 1738 20207 74152 71503 76809 20253 83275 66290 78572 51380 7149 54005 71649 87150 50027 57213 57715 9906 80071 4802 1043 37664 76272 58103 27856 1354 16760 32368 79357 15912 87885 79477 1018 57940 66106 63019 6028 88220 55646 81124 43497 5207 47385 5574 84207 50488 25991 85816 89504 26245 6708 52147 75934 67819 55907 28216 65529 44798 38965 24628 53179 85783 26292 21193 79200 66861 51708 66046 99936 61908 56318 41124 57647 97216 47551 17383 26497 54239 19434 95864 32291 6415 86475 13666 45965 57500
82767 54722 51548 54802 13913 60449 4446 43646 84887 5746 0 64098 67461 40477 7468 2915 84301 89538 45104 60890 74837 47775 4671 28498 8852 90417 19229 20093 82859 40746 35569 1927 66063 7887 4837 59237 87159 27113 50629 92010 40903 89657 29880 91362 48845 1827 49555 23299 11724 28835 79118 45082 89139 98682 15752 7851 16314 91651 81515 20563 24973 92440 10611 86375 66589 61434 52576 25992 97703 236 47356 31376 27510 77593 40936 18857 71416 55699 92888 98826 49598 16800 61786 83527 48392 28713 64994 32131 3236 26197 94601 27874 32132 11870 54507 53091 33735 9034 24221 17837 35585 93136 19803 91816 2337 13729 5343 85700 57076 25792 8810 21327 76805 71616 31038 75383 12244 68890 94759 17242 20625 15628 18592 64540 6073 38330 69212 89179 85591 84526 91445 70300 79566 68382 40112 84451 88970 46171 65092 27009
47341 34516 23729 74173 67217 46201 30102 90734 87882 27227 64098 0 7702 90928 12231 58168 87404 12531 71543 78785 77162 48935 82301 14260 54680 76636 72338 29331 58013 76750 94202 99706 36012 83782 93167 16434 25004 5736 23246 30957 12199 92057 91584 66377 50398 87254 76924 60033 54264 36636 7786 21929 39689 63148 43688 53773 73560 61917 77907 76279 88836 9366 81853 17998 79905 23600 53452 47578 48597 74515 32447 22208 60717 4790 26159 26985 58076 17331 62733 58279 46505 56801 19830 25069 66607 38528 38972 45133 72803 96620 69904 25916 15453 83031 40627 84063 87852 38774 19099 10680 83269 23430 36986 25804 5069 61663 42601 46777 80827 23493 31345 883 51628 92849 9770 73791 52861 82646 96816 91011 92809 95775 41014 89617 39730 21369 65910 54455 56188 48117 45912 84236 25211 52303 22271 54366 54242 9883 70042 85134
17063 6264 34136 77353 70940 81134 59440 12224 83109 97158 67461 7702 0 4903 26607 55717 92574 45593 32761 94600 39718 58693 63756 52640 31465 10003 90401 44335 4920 95015 15807 29215 95944 78166 76157 72069 55582 82746 85541 43068 56770 13965 70584 43851 40137 69201 27584 72269 26610 42456 52931 24599 10099 9589 34598 66057 57345 60509 38270 4003 97465 5117 64068 41209 99746 76089 67332 71549 44394 66323 31287 46617 18129 15840 84075 11656 41613 26899 37351 31740 16887 91710 56126 93702 97326 44666 84335 29103 23833 76196 44560 86535 94823 47708 4737 72204 47034 93655 60379 54812 71641 80418 18848 56962 31404 62662 74805 96607 42228 89357 85739 7177 59629 37000 66204 43658 74304 25350 99963 84262 797 76421 15278 41546 53895 52606 60925 18766 74687 20775 11565 29590 14357 74058 23981 40511 66567 75852 50383 26443
38643 62682 82172 27472 69606 6547 72187 68779 8275 35224 40477 90928 4903 0 13396 26004 37731 72711 65986 80195 72175 52919 43818 76794 46954 70103 11755 7374 52028 5990 70574 47587 56149 29498 59206 52468 54202 81676 83417 88820 89748 77336 81221 21680 64985 7234 3897 96920 94262 51427 2798 63872 1044 55708 86815 6108 76381 850 16414 10875 33997 26767 82539 83718 49687 92425 9629 1872 95488 47639 34445 67050 44982 28712 35960 38194 83329 9669 79337 20880 78036 2290 53115 31158 2259 9416 22023 50116 5733 21468 92602 85075 47420 54524 90239 85941 97619 74043 68393 3759 57298 35524 82249 62914 64908 2480 26494 90360 67261 64403 74404 66939 56636 18556 26812 55215 80223 55161 20125 29280 72331 41898 83926 39678 35197 78793 90263 2472 88819 95365 55601 10579 70624 38719 83872 54341 87576 47945 20525 28970
92352 36192 87553 84616 12530 86904 21498 19940 78573 46645 7468 12231 26607 13396 0 3818 61680 1367 72848 89910 95826 90254 72071 36295 89706 38712 14234 5790 66367 1349 43673 26682 19066 63495 76275 39070 95288 68790 65871 16622 75828 93426 44658 10889 11179 7050 95398 61930 76832 19630 59602 68022 34530 52339 24317 72451 89253 5867 40303 20728 55071 28607 69882 50230 17725 46072 89455 36222 19361 35072 14205 89388 76437 18186 32602 22559 4780 73326 63842 65845 33160 61805 53465 16102 41137 54398 67875 96498 58471 196 45603 57805 85370 23499 59002 5235 34321 35288 33256 84966 22265 87548 43245 5573 92508 84175 50761 20500 47242 65346 27739 44173 26108 16912 21641 75637 14278 8581 72071 35144 75598 31128 96535 45296 9271 23727 35711 67693 36691 48744 25808 65470 55129 12154 2095 53938 88799 90663 46839 24647
20248 58264 73731 42416 95616 48728 59266 88816 53366 44804 2915 58168 55717 26004 3818 0 85228 4917 55924 1998 19158 25481 94400 16261 94331 75132 78701 92240 21138 78302 48591 9173 1335 57007 23225 60534 55674 50936 6285 87829 67353 30388 18813 319 55274 97370 40561 97305 48398 47017 80624 70528 85595 55678 98466 24091 22947 99948 49998 95667 28651 76026 41914 71541 77399 51150 39310 89175 65470 20409 46501 96737 41599 70876 59328 59606 65186 39066 7802 24995 78114 16471 90760 63699 98413 23092 20272 45668 82909 5268 79441 56755 21373 61710 68324 87260 57806 51006 62168 21733 27074 68354 34525 42546 18275 96766 66735 20695 74683 45343 4811 67702 48269 3797 41759 16038 10654 70442 24427 1210 80004 82409 46829 1576 9319 34551 71258 97242 1179 27060 73496 44496 36141 64787 43948 67104 96681 976 77109 28366
11351 54988 91228 60531 62329 82819 9553 44816 69271 64659 84301 87404 92574 37731 61680 85228 0 74845 56920 42793 87908 52924 29237 76566 56238 3013 18041 8061 91178 48524 11300 11792 94180 24124 1817 82743 56331 78789 74635 33092 66405 11222 38097 21075 43450 36301 25690 99668 30366 67860 86427 8565 56982 95497 57641 24586 85006 20562 96286 92611 1007 14931 9042 22587 30162 63345 32243 52692 93736 11635 80285 86724 62892 70163 79915 54419 17868 2808 13662 62197 14792 22484 36641 6802 92227 12811 15251 76170 16274 31310 71313 19453 48131 2410 78501 81488 6062 7555 56239 21884 96465 60337 67082 28063 43993 44298 99720 87611 59433 54791 65519 36897 83510 9081 13806 64612 76078 91275 65144 50381 33182 3539 22782 55307 66544 3888 22604 85270 21430 34017 32300 87833 32862 6501 2638 58707 33482 12075 4713 47114
98528 66324 72737 32617 15308 4617 54668 98157 66036 15024 89538 12531 45593 72711 1367 4917 74845 0 46230 94135 62129 47020 91429 45075 59674 24001 44543 47781 86777 64109 56671 61680 63728 25300 83135 1462 50661 18584 35658 78422 37447 86817 39797 39753 47792 12654 76874 49968 41964 13527 59562 9209 76025 93053 49692 48547 70285 67476 62947 75111 70403 34563 55589 4587 5944 62108 99075 20434 81196 39365 41262 30638 20639 49563 53985 93583 96875 99400 89514 24489 26937 47409 52058 66070 65586 85815 84775 45171 88858 81477 85388 98612 66408 4741 91506 9138 18259 80959 14518 96167 72571 38497 82887 44912 75751 8884 14415 15652 73585 47062 72381 14793 72301 58730 6849 28452 74924 17840 23043 79821 40448 95596 52685 78644 65912 95988 37867 30480 84846 67878 84008 8732 77974 37543 65626 89352 89515 37746 69830 50633
19294 98148 65353 31478 9166 12883 72582 73090 21001 75186 45104 71543 32761 65986 72848 55924 56920 46230 0 70883 69005 15337 696 41832 70775 38079 75836 99061 67880 82054 10962 37318 73259 61170 60184 5708 32039 26726 98899 53886 62183 47392 50584 67400 51744 85147 36512 18559 20741 33872 15056 76265 1809 84818 62643 92898 83255 48362 52515 33651 28412 37521 15524 71389 32724 55684 85621 82862 64194 88514 86857 86427 53146 18615 42044 85890 76335 31202 11344 77993 29213 40018 88081 52291 90730 30797 90977 15523 27622 75269 44523 56368 12511 35410 22673 38390 33482 1524 36270 92311 16705 71620 13417 7007 21676 64068 88400 94284 32278 41262 6221 19370 82504 57698 80073 81110 61485 84132 93102 10285 99884 63416 42042 95306 90988 70639 48991 38430 64542 22511 30879 65021 95237 40412 99856 6630 60070 82844 35335 28944
8645 98421 53292 88310 83408 61618 18134 63665 88926 10649 60890 78785 94600 80195 89910 1998 42793 94135 70883 0 53700 87243 75581 16796 3349 34160 78677 73342 54650 62993 16323 52178 72337 93287 6525 68029 84698 55404 86155 77077 11555 74105 22975 13534 92440 82524 15261 53358 31203 47846 18144 24673 43347 68502 21647 14022 44663 6688 42066 36859 20508 3308 46031 40944 46748 74121 91241 30701 22101 31950 13522 60307 19809 59085 6951 92308 25494 82437 83630 84096 55494 42586 59664 15008 91389 2598 22194 25724 80632 56405 59811 75744 19952 22139 97829 13722 19159 15516 21171 5050 71883 64959 82387 97230 19645 53751 93440 80607 32837 94285 39870 69070 26918 30603 88340 8328 1750 45753 65397 63126 65834 17906 64834 30462 12740 84330 94278 91751 10302 78205 44349 35705 40282 75405 57942 70498 72200 56996 98653 42533
52446 70677 72190 39468 78630 97749 21582 11104 73895 7698 74837 77162 39718 72175 95826 19158 87908 62129 69005 53700 0 734 82138 1959 21749 99634 2460 65688 53269 48105 81169 43989 45473 84668 77291 98333 41992 65795 1053 50334 67144 9868 7237 18956 68179 92002 18408 30489 57575 70266 17208 17127 24062 41419 97785 83229 81319 84443 5342 99023 42470 17343 67671 73382 52334 84430 55182 91919 61031 13070 89642 76661 72028 44819 56985 63126 70448 48978 95015 38549 40886 67971 17428 90082 96382 37962 11046 74417 4808 925 85335 10018 34020 57071 97368 39827 8937 15978 37788 31884 78307 69597 17189 17813 7353 96839 64200 17423 63362 15780 80725 27495 82175 37372 30609 54359 97670 52263 86918 20500 21576 5512 79438 93949 74107 9297 83300 50406 65410 50315 6088 60397 65194 18721 42995 91653 52270 34632 30875 18012
27101 62272 69835 33975 52665 95028 76044 22572 21801 20827 47775 48935 58693 52919 90254 25481 52924 47020 15337 87243 734 0 39971 9318 28018 40831 37976 24665 26468 6623 49293 67779 36007 82278 84720 57046 76061 72682 25666 74802 91428 4822 74765 80901 1232 62310 10598 79363 79864 73782 69543 86481 46658 37920 10963 27944 82730 76469 8255 75449 737 39402 30374 74197 13733 6656 66369 52274 32063 39136 55176 69443 51526 32223 42266 34671 29343 53810 61258 77175 20642 7323 44207 52873 88449 2526 42771 79119 2152 12118 14508 47113 41545 59847 53222 4622 8989 65906 77970 51647 8024 55585 15430 69143 16544 57411 35088 9799 33017 74385 23292 71393 13603 86703 64076 9898 61845 14269 83929 6496 5673 59291 25681 54345 44303 54456 21622 3950 75078 29484 76462 27893 3953 5177 91305 32333 67823 20838 42870 31966
30024 84873 57498 35952 46323 97461 50767 49863 7045 67562 4671 82301 63756 43818 72071 94400 29237 91429 696 75581 82138 39971 0 53571 60960 6990 224 44921 55346 43357 55333 30040 2377 38718 78334 6041 63390 45524 86479 71907 9204 4951 39725 19331 47505 39749 86457 31452 95881 25171 95948 48912 53811 8022 28546 21880 1116 90421 81235 82691 65098 80075 84494 48432 493 44887 7122 69833 52596 66019 72079 62098 1518 9305 72883 71415 30898 91704 46923 16012 49473 28407 73640 73817 41624 19933 46949 9048 87321 70102 80933 23563 55335 66448 25113 92397 9652 94090 16893 74417 43120 15038 35910 42650 79786 90794 92345 37824 86238 32108 68098 24406 277 57219 41529 95687 30041 7057 25894 4222 3599 26986 33349 73997 75283 36638 51426 30776 95143 15456 94058 60690 11018 66124 79268 15794 56595 64225 24125 33581
23792 88912 49546 58374 55555 78018 77105 2453 7840 86324 28498 14260 52640 76794 36295 16261 76566 45075 41832 16796 1959 9318 53571 0 92880 77800 20611 72649 73681 67644 52033 87040 54121 38576 19959 79108 63665 63180 31858 2356 78791 28804 55233 97670 41916 87173 79618 79964 329 23735 43543 22713 94892 3132 15245 53264 57829 54165 49713 61672 20652 13999 18247 20469 93233 73050 33813 28640 76008 47799 28617 46916 15844 85063 16752 74794 24007 12138 94651 27247 42136 65980 20441 96271 67521 28747 12566 72516 59383 41884 10991 33407 58174 87445 64924 18254 80042 43059 15707 17520 22632 13883 55260 11030 43709 61812 48250 6045 79653 3894 67709 54702 94016 65206 81962 4930 40099 88671 38025 51226 23475 91845 24447 36819 79028 94399 20803 9422 3413 43347 55026 14921 53241 88486 62353 76508 15320 8118 95778 40396
1467 17270 12248 30411 6783 12549 27565 91128 61887 21591 8852 54680 31465 46954 89706 94331 56238 59674 70775 3349 21749 28018 60960 92880 0 65027 83883 57672 21360 60120 8769 10218 660 7511 17128 92324 96966 49331 26779 60798 15569 17368 62515 52307 53434 88718 49638 56127 40139 58167 42737 829 54305 91655 13317 71382 51848 39893 19140 49470 18276 65311 155 83867 34921 72450 35669 26979 58093 2823 64882 83346 77324 17187 32891 29364 89542 51774 93392 72810 90451 42858 39589 54170 71708 13736 29072 10474 90424 96888 57185 22817 33383 69432 78085 39423 10809 97381 93104 80683 29209 15848 54121 34529 72163 85958 44398 46506 20581 80415 36189 26111 96899 40979 47784 67193 17505 81189 77479 75595 23971 25846 22622 72731 92296 80563 76992 44923 93136 60822 76336 12192 81489 60690 35511 20021 48587 6976 60389 93111
83812 10247 64916 69759 30727 46597 51782 85530 87482 16601 90417 76636 10003 70103 38712 75132 3013 24001 38079 34160 99634 40831 6990 77800 65027 0 48804 31336 1806 85613 9328 61887 98096 48140 67010 44504 38101 44216 92523 49684 51145 73159 57306 99235 98772 60620 94575 93364 85004 19904 13743 79187 22504 4 39982 99508 7637 94972 17507 65765 49818 30480 36127 59042 46978 86099 49611 78862 20583 80837 53711 38740 23546 18618 45255 72841 22108 25015 60036 85672 59438 8125 82239 12456 99537 38879 47461 22717 11370 65149 6955 15003 56041 95960 33742 67308 34716 98719 62076 57020 52381 27046 6500 15201 66507 75878 79921 7513 83121 11507 53496 45673 35722 20882 90090 53601 72493 61809 92681 54590 94290 11338 56951 59213 17305 25938 54772 78148 93713 51996 86209 55274 10637 94411 31719 51736 59980 96943 83275 78993
6317 35664 43109 45211 5629 96894 41148 58147 46230 46785 19229 72338 90401 11755 14234 78701 18041 44543 75836 78677 2460 37976 224 20611 83883 48804 0 41664 4216 70737 37300 33030 16626 13934 12944 82891 59764 92705 44043 6838 73876 10109 45081 15202 16697 86250 30375 16804 17369 73461 66150 35924 66851 21140 88081 70652 3941 62502 82833 50888 69659 57710 58987 72374 78714 80352 5931 8228 89577 60720 20466 40209 71671 94540 59458 71870 73380 36863 93116 46064 52150 34509 9680 39005 32505 8649 44962 83881 67414 78790 17174 71830 62405 32352 48507 93424 34129 21826 68538 7965 25471 50772 50898 87770 79941 44619 80272 36988 53668 34394 78573 23094 5335 81947 35685 50542 35732 36129 96213 44551 84790 6588 92752 64204 15838 75239 26944 31486 55067 90490 6986 61285 14755 47063 72924 4213 21029 79863 54591 80108
52002 12873 3878 83978 61634 69458 97585 49987 96261 24954 20093 29331 44335 7374 5790 92240 8061 47781 99061 73342 65688 24665 44921 72649 57672 31336 41664 0 570 40301 31540 19769 19008 62041 60648 10029 30087 88397 90180 40060 60733 50816 93149 73328 60796 80140 8849 40892 8177 29918 97832 38737 24106 35692 24075 9848 23372 44650 69021 97221 93094 84797 91573 10203 83441 88027 27286 77080 5526 10745 26194 31226 37869 95309 77439 76223 26639 62295 17489 32336 95832 13371 29633 73812 85352 81848 22894 97444 88106 46116 21372 95730 23167 3489 30149 77375 54164 74594 91976 90292 70422 10518 15826 43043 40040 15694 59123 71605 33405 34449 5114 99304 21079 48166 7129 30106 88958 2798 90392 49632 83334 88201 80426 83916 25664 56978 82041 8595 78501 43524 84826 64285 63569 37208 24080 44136 67252 92215 3207 95175
77810 60757 85923 70122 15452 57183 33817 6499 73352 58887 82859 58013 4920 52028 66367 21138 91178 86777 67880 54650 53269 26468 55346 73681 21360 1806 4216 570 0 25528 48784 24391 87770 12283 21389 99511 83084 17047 83346 11601 90843 91847 14238 48764 7502 55453 64310 65358 15103 89107 5371 99022 47735 45657 35477 23055 78855 46246 92140 90101 43693 6161 46279 82131 88643 8818 22234 26379 24853 45066 84200 58161 7325 62642 15276 4143 43421 40082 24462 46041 47858 16988 90158 52684 52282 54354 16644 72617 48250 80391 19323 20694 12688 83357 20083 22804 95334 14966 71057 53380 53664 1002 63696 23461 57719 25876 32606 7153 78288 56331 61116 30919 80600 44027 40150 20682 36065 32917 51179 75003 73066 21944 10569 51513 14934 81959 73276 88651 1373 44437 13671 41839 2269 12394 28780 35013 97687 86689 39410 38670
77002 9801 2786 24558 35420 77583 29449 71752 62392 61710 40746 76750 95015 5990 1349 78302 48524 64109 82054 62993 48105 6623 43357 67644 60120 85613 70737 40301 25528 0 63690 14956 96146 22269 67130 12914 65626 36085 51750 53380 55641 24205 35400 53216 33564 11154 66919 8529 75144 11532 99908 24775 49201 98066 66731 99637 66766 35980 4804 87715 59940 85240 99328 64071 10535 77103 58763 18544 18295 78297 15912 46765 61332 77955 73811 9955 49137 2435 49865 40076 22834 80497 12644 12277 23816 96016 73587 93395 70117 95589 69139 55462 68945 72960 41978 39206 77708 67994 23048 33806 35885 41236 79143 83481 40762 20534 29576 18974 86158 5115 9061 51984 56951 64788 40563 6659 64553 70633 40791 85368 52530 36284 93072 91926 33956 13936 91487 82280 98484 56924 95749 65226 25909 51365 29959 44352 14165 27989 47079 79258
56370 10747 79220 12464 95223 35681 52409 91968 38981 53511 35569 94202 15807 70574 43673 48591 11300 56671 10962 16323 81169 49293 55333 52033 8769 9328 37300 31540 48784 63690 0 82516 96798 32941 49705 76671 50377 99158 52007 25718 19212 55310 1666 93423 18667 23489 26370 69094 92495 23570 55612 69941 66524 60170 41067 8828 27703 61967 11027 85453 90405 86720 82467 67876 67608 92147 41723 75053 68482 86432 90063 52224 64452 97384 75859 54238 31243 5135 16606 84331 7944 84974 59109 23895 47400 93904 17771 81734 22367 80125 66209 32559 58226 69809 58748 97557 40172 74020 60475 32448 77559 59179 41428 83063 51371 46859 87854 39121 20042 12738 18479 56291 40253 66094 35719 17539 32624 48468 98352 18263 42035 73837 8083 25635 24298 54946 48705 39214 74913 53728 66690 80986 80035 81891 21708 4848 81103 34306 13485 73342
8023 9121 18949 73485 85397 82423 67550 76871 9891 9080 1927 99706 29215 47587 26682 9173 11792 61680 37318 52178 43989 67779 30040 87040 10218 61887 33030 19769 24391 14956 82516 0 60822 24015 65513 51733 19008 57867 36898 17297 33629 34463 23046 36664 54679 82639 24294 21997 18769 16661 22208 4386 94898 22638 48740 63763 25765 34690 63755 37558 89578 87888 58286 97275 75982 35600 67632 41911 94968 76774 58160 14875 72860 39934 63638 57780 10294 33888 81550 41524 58117 81132 84728 92563 28144 69064 14509 79916 25271 36317 25288 78419 91792 55434 41870 46957 38263 26224 55941 53750 53391 91021 39331 45874 19612 42849 22856 27000 65056 40577 77052 73690 69441 82267 22069 27205 85382 2164 55305 74207 36757 14863 36170 5494 73917 63983 40073 49267 49207 77419 81380 65022 82302 75732 60599 66474 14364 65881 31993 10981
14198 4020 95027 36626 18313 13014 92673 43623 70600 79983 66063 36012 95944 56149 19066 1335 94180 63728 73259 72337 45473 36007 2377 54121 660 98096 16626 19008 87770 96146 96798 60822 0 90236 33051 22094 70668 40808 56991 56943 26463 69902 35762 62326 64186 41074 77541 56222 12323 39768 69717 33783 98402 27848 10620 55863 54197 15671 26641 98968 64421 72912 40082 20083 67685 61984 77193 32269 39517 25098 42207 50822 57122 72174 21917 59601 42931 98867 68968 56710 31276 59642 53952 25726 25568 57191 86302 89466 95132 46617 52487 86264 94567 17521 61985 97504 42078 43341 48977 48983 74893 68358 87813 79193 97524 33048 7850 63034 86835 95503 2468 80061 13721 1688 13808 94849 3700 75480 65674 3876 64886 94676 54470 30023 19784 67072 4752 1913 89975 26855 46816 15700 61451 33874 23913 54774 44712 20344 9901 88627
96199 95877 33690 24178 55491 29896 85124 95383 55719 19669 7887 83782 78166 29498 63495 57007 24124 25300 61170 93287 84668 82278 38718 38576 7511 48140 13934 62041 12283 22269 32941 24015 90236 0 84096 61696 26280 25762 17182 56162 22006 53713 29772 51757 19919 67315 13565 83117 12557 89836 80396 41557 90834 61044 83350 86473 2258 66672 92653 81340 55384 30695 18712 81945 81236 58889 7169 25292 97841 43069 36212 83791 83054 18265 12665 88333 9267 84052 44276 8974 86840 84242 31746 92703 46865 73416 15429 10509 98933 77371 73785 91761 42908 15165 82140 64285 3252 43010 90201 12695 49987 7465 715 38723 32903 26130 51241 77989 39174 73799 42642 18534 54614 50063 58382 36737 37799 66453 16619 81599 33160 1580 30829 50739 56371 89292 35373 34444 97312 14183 20123 73267 74950 77186 5070 4772 32065 56226 27563 38978
47396 24650 53597 53591 31565 61234 67921 65782 36492 52891 4837 93167 76157 59206 76275 23225 1817 83135 60184 6525 77291 84720 78334 19959 17128 67010 12944 60648 21389 67130 49705 65513 33051 84096 0 12841 98709 7957 37973 24452 13613 40662 80573 54230 9825 38626 5400 74087 75304 96729 73638 9068 24753 59656 81425 12091 63559 77583 30926 94896 88750 6263 61302 63630 87454 67061 23592 27141 82231 45903 83592 55097 7959 82511 60576 2130 50418 2914 77135 7501 78409 6131 51965 76337 9363 89448 92663 61099 67644 14626 70440 57035 66005 81622 57281 52772 43324 59603 80833 9753 99867 13855 28606 56510 27726 53588 30817 68765 68440 48247 92055 35197 12347 96974 98674 33277 21624 39181 85204 74160 33202 42731 50008 16918 89441 84891 6435 78107 12433 20010 52899 29926 1569 50355 94734 72863 26335 51464 61736 65191
38168 50389 24919 19167 20173 48844 81384 54744 87812 65180 59237 16434 72069 52468 39070 60534 82743 1462 5708 68029 98333 57046 6041 79108 92324 44504 82891 10029 99511 12914 76671 51733 22094 61696 12841 0 25178 59006 11992 69548 31098 53813 3910 98066 32333 24944 24404 33217 20018 38873 17982 48711 92481 46544 35211 41307 45888 20065 91353 29018 96277 75508 31135 45212 34272 5085 19630 68247 82430 99721 2003 34760 92654 4212 50077 10348 80374 7665 45273 59977 48193 87498 81964 68808 52803 84364 15183 76148 33975 65643 4369 45938 4096 73630 62299 71514 92365 98702 29655 97449 66836 51981 35801 23518 79568 56113 754 81626 49017 58377 17062 2065 30190 17688 14947 53985 68211 21265 48263 94491 7266 19122 41147 61236 20404 65025 88226 55787 16774 92711 58393 24960 75403 81487 74738 12182 60651 1797 93884 18356
45376 23378 92693 79434 67212 95910 73678 40357 70647 28312 87159 25004 55582 54202 95288 55674 56331 50661 32039 84698 41992 76061 63390 63665 96966 38101 59764 30087 83084 65626 50377 19008 70668 26280 98709 25178 0 1822 52222 57204 43288 59472 17856 77121 30939 61475 38798 7946 70165 39355 89303 18308 63404 97457 62616 94121 9825 22362 10353 2138 63947 65112 10118 75118 35725 87981 50513 52281 29697 83494 79296 54526 23577 13843 31474 34815 46929 26476 81012 66924 73482 29702 55565 67476 38057 2323 26628 19317 36057 76406 50590 39426 19317 7976 36493 74575 22033 71780 35070 46622 75962 17311 33687 96235 3466 35359 24175 18239 56661 18697 64653 47944 53985 2204 51731 10338 48653 13363 26048 40165 17665 95969 20251 53937 79667 16961 42761 43744 72560 28941 31228 89850 85190 59731 24534 43834 14407 61261 27800 28750
66297 82889 18223 80858 22193 71365 1834 60612 59131 19198 27113 5736 82746 81676 68790 50936 78789 18584 26726 55404 65795 72682 45524 63180 49331 44216 92705 88397 17047 36085 99158 57867 40808 25762 7957 59006 1822 0 26831 40686 29882 76511 3571 47418 31367 30660 39412 66134 16523 49066 97018 7604 58625 91768 46185 32596 93076 25990 83114 53242 93776 30389 59811 67595 60729 2301 8633 46278 70223 2459 77340 76326 6066 42924 57665 41162 34713 48567 13525 9502 1548 70386 56953 41589 99256 90018 69791 10378 82302 72547 79270 88400 37455 81385 44591 66467 59468 54507 77378 14385 34725 85816 62089 85320 51195 54486 52775 91885 27444 57371 83537 7596 66610 20319 44260 42538 24012 5447 42531 21850 29966 79213 22100 20572 89223 37714 91047 62141 35494 14783 1166 11319 56210 47781 49225 10418 34219 26542 80904 58287
36253 83205 2537 6161 56904 71120 64418 5250 19801 86203 50629 23246 85541 83417 65871 6285 74635 35658 98899 86155 1053 25666 86479 31858 26779 92523 44043 90180 83346 51750 52007 36898 56991 17182 37973 11992 52222 26831 0 39765 23238 55804 66108 95086 96040 52307 13384 54316 50759 18184 49372 528 37966 71151 93673 99740 26372 45959 60320 6399 59153 8741 57379 47752 26282 99473 61581 75012 58103 46747 77364 98822 44059 89891 679 87496 40360 98106 23447 14112 60191 98424 37561 25454 42340 7359 42963 8528 78606 20324 54437 86648 62066 20899 96897 44741 8561 30061 14998 50497 74624 61215 47047 13591 75845 17979 77640 56232 79084 64844 44092 96826 23716 26254 87606 97748 28842 89207 49091 99895 7390 78510 21093 29115 16006 89097 93270 24384 82787 45096 56338 95865 94227 52721 51201 68356 22121 651 91097 4288
41696 14860 21781 78564 65146 90977 13201 88150 73136 51981 92010 30957 43068 88820 16622 87829 33092 78422 53886 77077 50334 74802 71907 2356 60798 49684 6838 40060 11601 53380 25718 17297 56943 56162 24452 69548 57204 40686 39765 0 77223 69831 99132 75542 39646 48515 12613 5734 47725 81770 35344 52838 5168 45227 63275 70016 44440 41958 83970 5288 3814 16122 94461 2416 67116 31941 17389 33037 59287 67119 32312 94419 81030 53600 74215 49156 69050 41955 37097 596 75913 85750 93550 73203 16780 80815 30709 87004 20991 15930 68174 80860 25633 22085 92869 70828 70488 96377 16099 77506 60651 27584 51648 53669 586 6085 78432 34777 55940 98720 80753 6316 53061 69062 58136 73646 84575 49218 5577 9881 8373 25206 83569 95441 32869 40569 12081 65618 37398 98813 48855 23776 5729 32194 27569 70226 19598 61364 68309 62400
51114 39599 87698 88575 25874 7749 60362 58578 58325 93121 40903 12199 56770 89748 75828 67353 66405 37447 62183 11555 67144 91428 9204 78791 15569 51145 73876 60733 90843 55641 19212 33629 26463 22006 13613 31098 43288 29882 23238 77223 0 72097 79626 19011 6789 57797 28832 92005 77500 52818 16091 1738 88557 65683 39171 66591 72666 5494 76855 70038 65720 91733 8318 66078 74376 78472 54778 75730 18370 25856 36478 59471 47244 98416 24284 68333 22114 82657 64638 61638 55223 5315 46513 36860 73770 38449 11020 36189 76793 32071 53321 74508 20814 4423 10560 90949 29704 93547 98709 61514 29951 16477 75338 10397 35932 50764 49176 76287 57852 23450 73503 1963 16122 56409 8842 33042 20886 80182 77291 36402 42604 35667 69346 81692 34506 32810 75356 42788 87555 95303 94715 31608 5984 57132 86846 19348 52786 27255 65817 42932
12326 46836 63481 60068 49218 48604 52884 3182 56245 16075 89657 92057 13965 77336 93426 30388 11222 86817 47392 74105 9868 4822 4951 28804 17368 73159 10109 50816 91847 24205 55310 34463 69902 53713 40662 53813 59472 76511 55804 69831 72097 0 40279 7030 71689 49801 32998 12288 37168 20614 14852 88198 59014 28574 51719 50681 88149 35408 33519 73786 68769 14943 16407 76020 18372 17895 43041 98770 63179 81374 36167 86942 64681 72961 24596 20823 40710 13905 59237 46231 41335 9508 96661 11371 11779 9101 68431 66997 98165 99448 92936 38716 87874 76130 14175 91763 71667 93594 90784 74749 44339 70933 19175 42204 44482 17969 87671 85577 3865 35817 82042 90052 42197 45971 83608 17173 44661 15333 57835 91372 78979 39198 7519 48591 52551 25113 58045 95633 68904 14190 11895 39765 19847 62233 10547 92921 97338 88078 72612 32472
27076 79064 17587 38938 70442 9557 78705 17194 52698 95164 29880 91584 70584 81221 44658 18813 38097 39797 50584 22975 7237 74765 39725 55233 62515 57306 45081 93149 14238 35400 1666 23046 35762 29772 80573 3910 17856 3571 66108 99132 79626 40279 0 4389 69125 4129 45370 36819 79761 65348 51945 42158 77486 53066 65203 99648 74268 59194 99562 32618 82863 48723 98733 56481 24709 69726 91346 43667 78892 28304 55870 26028 27064 70512 67685 5965 33454 79414 70886 91988 61190 77494 87394 84431 52003 83290 9393 11031 87663 36199 7081 12201 60853 87943 14099 84800 26855 61826 59973 2186 12988 27072 63212 88222 67326 85279 42993 92909 58912 67671 99941 55489 5639 73310 2515 27900 88308 56964 60513 94229 48212 96631 61615 58927 81237 16832 45259 89740 74166 87373 72236 23916 5013 69359 3021 54197 35097 13080 47982 9401
40572 29078 17635 45008 83656 66381 67360 40026 16908 82422 91362 66377 43851 21680 10889 319 21075 39753 67400 13534 18956 80901 19331 97670 52307 99235 15202 73328 48764 53216 93423 36664 62326 51757 54230 98066 77121 47418 95086 75542 19011 7030 4389 0 84313 84502 1583 42531 15978 76464 79125 26973 92375 6399 88486 32543 53336 62340 81972 4010 81401 96819 53736 60638 94442 54809 40657 54087 29049 1168 47761 8930 74475 92994 50657 60912 34860 58057 17483 87851 70997 59499 55285 97834 48694 28983 74047 23441 80243 71588 92048 38534 58073 21417 47821 78464 15875 8505 24105 5433 50635 25466 43003 25381 95010 76435 17155 53534 42982 19978 46167 12229 56262 6163 2512 99665 6179 39787 39633 15489 97421 92233 77493 31409 84588 61707 20123 41748 99770 21948 44747 85610 24097 58371 12591 59484 3863 78433 18828 63182
5152 20533 57583 38424 35522 49845 87374 22254 85089 86333 48845 50398 40137 64985 11179 55274 43450 47792 51744 92440 68179 1232 47505 41916 53434 98772 16697 60796 7502 33564 18667 54679 64186 19919 9825 32333 30939 31367 96040 39646 6789 71689 69125 84313 0 57012 72615 27655 78952 61648 10463 17885 74664 75202 93507 54577 63027 23824 94469 68806 95592 49401 11709 63262 91255 84792 83832 61955 50510 91599 63376 66514 68275 31159 13390 92018 4579 75206 68062 26571 48639 23594 99934 59178 5604 91645 87624 18699 69597 64048 32654 21872 98928 46322 77373 85145 57350 45617 67202 65278 7256 36725 44279 64727 47362 90961 65832 59554 4224 27201 16252 55759 4658 30326 10921 98204 47536 97027 35635 65725 52931 38154 93519 51905 11952 63616 8221 38123 75552 59352 65944 32364 47166 61883 75202 69863 18361 27321 28304 69415
72133 1180 62839 35996 8523 83485 11570 34182 65822 43061 1827 87254 69201 7234 7050 97370 36301 12654 85147 82524 92002 62310 39749 87173 88718 60620 86250 80140 55453 11154 23489 82639 41074 67315 38626 24944 61475 30660 52307 48515 57797 49801 4129 84502 57012 0 2335 39896 59331 30222 28568 7081 30155 32730 43530 65992 78585 88372 79731 89 51625 25668 32990 40318 7504 78542 98688 16148 43004 65070 92912 8038 85787 18672 81015 63761 8005 84152 64799 66080 55722 54780 87542 19097 57920 64222 64790 37792 62344 54191 27586 54119 71064 56805 24558 91337 77608 2612 23865 23898 34925 81558 39593 56053 11372 55310 24702 1001 48068 93704 47641 31832 25114 44284 12899 99432 69638 52410 39562 14341 12190 91430 25302 82981 30372 60750 19447 81656 69998 83668 99227 28396 59754 54258 47248 67059 9590 18939 45589 85193
81291 77322 66829 17983 1057 83794 6755 31415 62160 28657 49555 76924 27584 3897 95398 40561 25690 76874 36512 15261 18408 10598 86457 79618 49638 94575 30375 8849 64310 66919 26370 24294 77541 13565 5400 24404 38798 39412 13384 12613 28832 32998 45370 1583 72615 2335 0 81818 83257 8747 50703 41275 74559 2523 12685 76139 77097 94818 28696 54908 98767 41433 88383 54336 21162 41029 2785 20454 38359 84033 53198 67080 55542 39796 5658 92760 35006 92782 98522 48849 92350 33671 28786 95176 52667 25129 61006 58259 10775 42071 59075 4214 81537 72481 92434 41407 68117 3679 61136 76350 51411 77071 43599 17185 46303 93075 36590 63406 39641 99721 65511 73236 51540 81920 14748 47248 11163 38926 60501 79826 40646 97681 96962 95603 51841 39447 33099 49108 84203 12199 28076 38204 64848 34774 3107 99468 30000 78918 32408 79459
