212
25353
20157
34660
77521
16616
41699
13924
57943
84065
90081
29760
97082
14668
54713
14962
83288
999
89612
73786
97004
2251
62632
91120
93513
90480
11583
37968
55540
50692
93384
70883
65218
5957
72480
36262
52786
33938
8107
30529
15611
14410
77442
45095
82734
38762
55580
56998
25324
3146
78614
8615
11737
52586
41608
85174
70477
96471
93156
43903
99838
81011
25536
93204
85794
73246
71044
30120
60267
7788
99633
42879
42066
29673
45860
57728
37574
43925
25751
37325
93146
56685
2208
87323
53745
31971
44202
74034
53130
680
40680
56069
71256
2674
22080
42001
25101
12066
61689
85104
26216
41130
58036
69548
78831
30509
25029
7204
19716
12267
62712
33544
23373
19236
91105
43249
89079
87524
57169
17821
86200
28956
19696
29949
66191
80215
57576
67425
2928
45629
26906
90309
47324
2451
90836
84473
28422
53178
34252
61899
85923
23734
11855
23058
43112
14876
97664
35316
53282
79532
74825
32244
88061
68373
88379
5506
73861
93806
58350
93653
4619
42866
22021
99038
55333
7358
94706
57231
40173
80801
3874
41996
79067
55325
71209
5039
63866
73653
57052
70153
98957
57078
89927
10506
38436
36203
71596
52383
99163
19161
36575
74275
98571
23668
69955
54346
43967
69089
5146
49617
95844
79179
10162
98590
94355
15254
5454
46674
71556
9147
566
20168
49837
0 48153 88190 26336 66252 35007 57798 23373 28143 29805 86953 25334 9175 47015 11381 57615 68587 82156 5670 88617 23038 21867 85914 71650 51054 4844 86605 42803 79297 73683 40240 67290 56895 79912 3928 10310 27856 44239 5573 60987 82238 53782 23119 44261 74215 57439 17744 8279 74934 31728 43440 7445 67394 64567 85101 55841 25331 74974 37036 31316 29616 42039 78355 30362 41340 75128 13546 41395 6281 69478 10221 82496 10905 68941 2928 20306 82913 99913 50761 33499 36010 82539 73897 26411 65910 59209 61337 8213 27404 13945 61196 57275 34502 15144 35380 96634 4731 15281 3602 39757 1225 90662 29654 47137 91684 48710 16251 91941 8238 86473 53341 17655 66386 46426 88273 33922 96405 98809 47297 51794 96516 40990 10779 54343 88601 16258 72959 53886 96666 85658 37784 74535 2261 83502 4849 52626 35957 64188 76492 83296 21540 50797 84944 36034 49391 83467 33837 20736 59882 53068 44673 66031 33130 88035 51187 33142 16115 85412 73428 8660 46046 37973 28896 93570 84055 29511 78263 91650 82862 15855 68444 69946 10824 67628 64061 63172 81396 75570 75854 66216 85597 26153 92368 16520 68727 70951 65702 65485 22063 30063 63828 49804 87873 61926 56555 6489 91869 71127 72593 86534 4399 36819 81558 2396 53838 26555 27838 59246 5207 17163 1929 34611
48153 0 58204 15901 15187 80335 67305 95675 12245 46493 99462 5893 72799 8583 74960 21151 50677 94871 55000 92766 84895 43494 87190 82916 57803 50911 93831 64427 6384 88188 34463 21124 16411 89628 34787 91447 75750 83593 97714 35717 80838 62759 28977 54404 52967 1768 61978 75022 93245 39727 71979 53182 46553 69722 71116 32587 84856 9062 7276 33763 96026 1523 12524 19098 39015 80741 75443 92785 75658 97199 26133 66730 43883 57435 27672 63492 91323 912 11082 55441 58266 1193 79232 67775 37433 24674 46111 49481 36255 68292 2217 49989 13380 43129 41722 70866 74473 82616 69227 83633 32777 36680 77942 77638 59186 91321 3182 53209 7607 79898 93677 50281 20159 326 22513 16155 25901 6161 7462 64515 94043 68928 20804 19686 66654 53330 24906 67068 97978 98503 5308 60414 72944 5246 30318 8293 83327 9278 45205 63390 47296 10919 47473 51409 56002 7997 34909 74988 19059 54757 58726 13776 87945 3287 83955 59057 54353 2857 60628 25680 45865 57357 68839 32050 61589 92771 93123 7180 50134 31193 76991 61997 58724 61959 16836 86399 4466 16294 29557 84283 30404 82550 72432 22964 89032 47499 12868 94719 62463 27904 20807 88612 61756 94248 43234 95586 93310 34442 79923 73244 57443 35061 85571 95963 40784 20314 78364 50361 77221 32484 85469 21512
88190 58204 0 73538 6243 11304 58989 13382 29816 65627 74743 52486 44067 5152 63625 58509 83913 9067 71333 26899 38218 12750 77480 55398 94806 59535 39201 38561 805 73756 73709 52011 59880 74123 59330 55963 95284 7561 88092 51452 19424 45096 93377 54933 72026 12370 55510 94553 8544 35497 94375 61508 28652 50564 22770 61052 49416 33793 65398 81784 99731 61156 2226 11494 4477 47553 48688 93067 319 30669 92828 85079 41717 19875 63608 21697 39431 39838 29828 87656 610 78799 57547 82761 8538 38494 96530 54043 51642 42054 31225 58450 68878 44331 11989 36855 48162 54109 42814 24985 28513 11803 77682 30497 74612 51587 51735 73679 85846 28251 24743 64357 73977 37989 48297 99686 79831 13165 29053 74944 30462 25178 42788 49751 49946 84701 84390 96986 4986 87681 9038 78685 96462 63506 75104 3601 32138 24891 36986 21154 21465 11746 31455 15885 53893 41622 51208 33251 6938 50103 34659 27870 76868 32129 3445 51501 42708 18326 31582 49109 23123 61641 68095 47956 94783 79847 73815 59097 29969 55077 89821 49786 32438 35978 89480 33444 77313 67116 94119 88683 24161 10243 86268 95231 53731 26524 6547 25134 28608 10758 85605 74268 65141 56482 41998 65711 92304 5917 22864 77294 28027 10031 2967 51901 75222 95615 52681 43737 91949 49103 87725 51992
26336 15901 73538 0 35314 692 86984 62696 69440 35881 16845 70615 97222 24218 29628 21322 23795 3592 4272 76529 69804 80806 16331 52219 62826 50525 11556 16271 79461 14892 16298 99972 13632 95857 36859 15843 79649 94846 31924 10516 6913 7230 3435 20261 79412 29600 70728 26635 92903 96077 66052 92442 68408 18977 37548 60990 3695 51820 69923 41355 48834 66757 67128 61331 63012 89028 71174 46518 96213 83815 35905 86566 8561 75937 33784 33027 75574 5880 73429 24184 32085 17258 22756 57107 20027 37137 99786 90924 48535 13973 31989 22714 61562 92894 13869 81968 35694 42841 61936 68162 1756 22009 32851 19214 64930 21486 21727 97920 32770 55346 85591 47554 28031 41411 37026 33402 90150 15724 25704 30287 11744 58567 76765 62581 83806 26617 53991 70442 16025 63884 71371 91488 176 62370 15142 3071 72833 83470 98659 12256 58016 69358 2600 74299 20635 76527 73119 84244 6963 48871 85793 86547 87366 57657 48009 94931 40137 54234 75718 6258 20236 4132 63029 21643 38703 49467 933 34515 63467 4775 52858 56003 62583 17312 66399 45498 96522 50062 42055 38074 80679 37975 99974 8301 27503 27521 52303 60981 22141 70331 37497 57061 83335 61634 9798 83071 55310 99042 47450 26867 74066 66408 79280 56574 49496 21229 4920 56400 54796 93858 23572 29456
66252 15187 6243 35314 0 95958 39678 16061 6115 77027 52847 27836 70321 19052 32613 87705 83440 82351 19317 64946 43127 68605 92748 61328 19869 36025 74891 29817 89803 40249 13300 56480 80471 9784 2547 21478 90721 26636 23921 64856 80052 98688 99163 5856 64644 10648 18145 42507 63276 4414 91105 69201 59626 91758 59984 65187 56107 79025 29405 25461 10192 25824 44630 54616 83540 26402 49067 96751 96247 94677 53494 50340 27377 37845 94700 6880 6448 83059 89868 81935 12346 81291 24943 74389 28431 52151 16095 46790 96759 77907 64173 56397 39101 91242 79196 51427 54240 30879 22966 45489 28724 28542 5412 31233 80542 89727 76406 51995 91265 15377 90818 68283 68618 51255 93132 82298 87182 31495 9392 11206 1099 72776 89778 44519 52439 28765 64430 56511 58936 4939 73726 70094 82375 64217 60859 58389 93521 5598 93414 60458 70238 5615 37012 96325 64769 31401 54580 93923 47739 3596 5587 86300 60797 43303 6080 68762 93968 87115 49379 28393 96818 37483 95947 87540 91606 15116 2954 39369 71978 1822 85192 89802 47771 90310 89738 65194 63287 3882 11640 44274 86636 19635 9120 99703 66961 3600 63265 60028 85034 29495 8324 91002 44341 14698 87161 51736 96156 71031 58598 3374 22762 81540 45301 94102 90577 17771 77608 92266 53523 4394 86794 38992
35007 80335 11304 692 95958 0 99081 55137 6920 75390 38446 72563 33375 41642 13695 90401 65181 67257 44284 6208 69210 18977 26869 46155 55887 78385 37884 42876 41431 17731 29740 36378 87814 94651 24398 36809 94870 27469 37914 46930 61687 26667 25587 15153 15549 25739 78008 26865 71608 2135 74343 42854 11360 3510 24792 82842 46523 12717 28287 11338 54476 38600 80608 67932 82187 36681 83285 36631 57013 36702 50900 8148 53678 68585 24569 88088 74243 42537 11346 62731 39839 19752 3939 40750 26970 57334 24358 65189 26201 45243 45812 58061 29039 36250 51623 5812 67678 16007 89852 90105 71297 74033 86538 10433 37919 20101 62295 5053 94501 21570 35288 82764 53301 71323 68801 72879 12318 93859 37101 43631 23977 31184 8862 40890 37678 66221 22071 5517 21081 91793 94609 73384 31821 45380 63704 26088 55826 1879 13034 13686 42225 41585 52606 10133 31900 48248 62760 49141 52584 63602 54903 67318 773 14932 10755 77679 57522 23816 40493 96533 19091 24592 75563 93937 33302 27064 38765 15747 50323 74883 64845 46456 43452 65069 61017 62171 58421 29921 89817 38302 14027 10140 39212 16981 91319 8296 15325 78471 37088 54803 70180 26364 15702 88990 16771 84374 50557 51947 31449 6083 56664 15551 74061 58547 56619 33589 60693 31863 74325 12056 7326 45022
57798 67305 58989 86984 39678 99081 0 83932 85314 30046 36144 23209 63451 54406 12060 24187 59465 70028 40750 33556 93106 29768 61382 97204 91278 93481 12579 25712 70523 8002 65459 95496 2242 60556 28485 76645 55821 37760 49956 24994 18199 9075 19462 84692 58073 43874 94980 3843 61958 37415 70581 44688 36967 31965 1771 5707 97985 64276 4611 88245 41917 62100 10288 20102 18054 10515 91749 17609 49281 42946 69153 32031 40795 24265 31167 83628 56714 14164 85195 51120 40891 93937 82650 35321 85179 79041 1665 563 43967 94309 88357 68201 21282 54374 51974 76521 79129 42314 5759 39338 61048 42666 37371 25070 26775 35242 44385 21060 10491 40783 33124 72127 12740 13742 20594 92617 85280 29485 96374 50704 47543 26756 11800 65694 36545 16336 96737 53783 62923 40266 66796 79611 66674 20108 39424 66496 3347 8794 1895 56721 89159 4548 94619 23516 76831 59688 30589 6496 36922 70834 56585 31043 72596 55409 42398 93356 25791 40256 69628 2438 31284 76880 97362 54969 30998 78116 37203 15017 70436 17360 14304 99800 18334 20544 41455 50619 91945 79781 55729 24625 54489 78941 48523 4721 20791 52329 44060 99988 1056 98865 88295 96649 88238 28514 35341 50938 44934 34441 79944 30687 81490 79559 11337 94685 64466 14307 48536 80240 54092 11213 39092 60880
23373 95675 13382 62696 16061 55137 83932 0 58051 89073 43877 74392 53391 76034 63046 16954 41751 44029 9766 75219 51455 64865 39050 4861 78058 58509 73900 6324 7481 31211 47589 15761 34114 58090 29354 29127 58004 1342 15701 9138 64660 63972 31110 82614 68434 89558 34029 56034 35045 23015 67847 67579 83057 85091 47812 1075 15721 30913 30400 23705 37797 80272 72019 52690 44938 406 75966 74515 51708 43003 4502 91411 10469 90947 95544 21754 54462 30810 95176 90797 29591 83127 91722 54290 30840 94908 53474 29261 56490 64747 4243 83677 68308 52333 51679 42540 94069 46591 2737 64334 97609 10203 75980 26775 91712 29743 55998 54286 35977 76909 97814 81300 41653 55764 33342 87005 62806 60084 17029 61583 17161 4321 76514 73360 46042 11166 35670 486 51743 20437 42285 73007 70623 47293 25685 88877 32658 22079 14792 44493 79760 53104 58397 82580 11247 79276 47771 98783 79102 39399 69587 44687 75224 12432 87021 82449 60287 53605 31994 71485 42778 83263 73846 32512 17760 72505 52316 26100 80366 93671 15197 66760 66020 55871 90027 21508 44058 3950 32300 21886 79809 17107 4851 85525 4980 91541 67528 87225 20981 71320 65112 44521 95786 83403 31644 70560 86995 19346 82764 41612 9798 30869 58149 69820 36749 57381 85151 42924 92798 65944 42852 50997
28143 12245 29816 69440 6115 6920 85314 58051 0 22159 49843 68373 60408 96925 89285 47031 57821 36564 85826 95080 37337 55045 28146 83868 51564 29767 8036 9744 37325 44760 55391 86931 27847 17094 53684 63596 18490 74035 91568 56028 13573 4453 619 97005 68167 47685 72237 53475 30094 7631 54885 21041 63817 4952 46614 29417 30851 49640 89109 31538 6160 57106 13141 51616 83920 77360 64365 29077 75828 86777 80737 68451 48519 82974 38258 38034 89909 88609 32757 10580 67760 59116 47710 49902 57604 14914 45656 37426 52211 29236 93271 47419 95472 95181 95187 5903 56463 35733 22462 8781 44577 64726 43980 6483 7444 17920 73661 75491 48360 1806 33436 83196 43195 22348 34285 98878 78649 93615 97943 32492 2030 52689 90770 59473 96813 51014 44976 68778 44700 4511 9064 99709 77518 67278 75690 60844 15858 41379 44796 91358 47012 303 28841 95966 13073 86918 23628 56001 69546 48981 55333 80182 25858 96833 95135 72822 96880 38497 84464 71905 62077 70324 79982 26815 4242 31200 43099 44608 90194 15899 29434 97293 85479 18491 38804 93357 52543 53690 51577 45289 85023 15872 92554 10629 77700 25997 18831 40634 74181 31210 88308 51851 30053 81813 31973 44228 47594 73126 81332 42888 27855 81026 8907 20962 53085 11267 57060 2616 39141 18742 86853 15428
29805 46493 65627 35881 77027 75390 30046 89073 22159 0 80512 86305 23527 10300 49663 5277 92932 90655 72773 8590 64058 43232 68678 19140 68294 18401 52340 99761 10548 7314 18689 98959 48789 42298 19731 19024 15569 8121 23107 60467 29079 35462 89335 70439 31510 66389 71895 54295 11521 19871 97414 52516 26587 58845 52968 86066 27230 26418 84926 49612 39459 93303 93403 41061 8309 18631 37324 40082 75234 26897 71248 7409 57990 1364 13444 36557 90935 52589 12653 93531 58238 59979 44396 58631 46246 36677 11955 93165 96677 37700 55928 34538 47307 73427 35929 33835 41693 27028 80748 86729 32270 26979 85487 53115 1950 27917 58558 76472 68955 40404 7501 78090 16224 60758 68948 12122 2259 22751 22158 61510 71960 9916 77079 39337 5601 19259 93752 65332 64973 75601 69564 59178 98363 53196 809 41844 12425 43059 58687 39352 40048 68 68087 25087 79358 33281 98342 26000 78676 31184 64177 62503 49243 21601 40981 24529 48043 66587 44993 20152 2842 85929 5860 274 79781 94658 97199 49905 17388 90001 28967 74669 84605 56555 19471 53283 93482 46451 92185 28892 65125 57389 33130 39450 29426 40740 85517 32014 19882 85845 86446 12089 14335 80251 34048 76707 74018 70011 2484 75487 33598 55009 78081 29391 7189 31698 21769 53103 73308 85962 25263 11672
86953 99462 74743 16845 52847 38446 36144 43877 49843 80512 0 40011 44367 27857 3684 11443 20576 20242 73716 7810 69543 75198 53563 9764 34942 80515 73307 4154 34105 56536 4475 29740 12453 36665 79913 60813 80606 13488 31146 13530 98030 15088 7167 50633 73220 17820 77680 37426 50850 76253 86177 2255 62888 45273 92084 66349 36872 75147 81986 69069 44203 76047 52553 18777 80846 94258 64536 96672 71139 12795 32684 2520 9495 20021 88581 42375 33552 57011 96765 12348 10205 7179 46829 20201 58285 93364 95776 74869 36640 97093 391 87372 39758 40919 24007 81182 27285 20449 63789 39392 35749 82504 8153 18294 18198 76753 9652 31865 76078 67850 2855 87834 59413 94812 35269 74184 70126 18818 67344 30297 71210 96142 53706 82134 42988 87108 17762 14826 49313 60267 35024 19830 74686 37507 86917 85488 95286 9712 84981 59853 70795 45803 68325 39451 99006 15109 51056 79614 31148 62320 61825 85037 84797 9411 30744 22052 42278 99346 74715 8884 21651 4695 89807 20843 12623 48924 64356 95810 29818 86132 52342 61735 49485 65196 46519 36218 40102 48137 83242 24465 48159 78441 50073 92103 82249 10275 56302 44288 41985 51278 96933 86323 82609 30859 62988 66505 75118 38306 54637 898 73570 88391 42645 66328 44567 73720 71033 67464 57429 17168 73127 29732
25334 5893 52486 70615 27836 72563 23209 74392 68373 86305 40011 0 74898 4843 6384 98504 89021 16287 76997 69065 84404 8454 98281 50353 48455 37046 60595 73314 99185 17298 71258 28396 84004 63400 24384 68174 10021 73411 65860 16753 57670 19062 75532 96423 89611 8718 20 60502 73804 96606 10152 46391 18093 77953 52723 76268 61524 3042 48387 67762 26065 3079 66840 8133 5794 86442 78963 3531 13809 8864 50254 14608 83580 80990 96607 39728 99371 66326 13459 59269 93935 80309 6211 78249 7743 33766 97769 41842 91077 87464 58557 25540 70607 51814 12907 93265 87098 61794 16602 93191 12125 58233 56370 69268 30046 70309 49569 59756 91015 13108 17836 97346 24075 74557 7804 28056 24587 36068 1746 3373 92372 78091 4860 87066 44955 38614 82889 15180 37408 21004 44066 47441 73806 59893 66911 36849 90209 5194 26767 45711 18824 69650 63664 36052 13393 28106 41740 49704 7009 91776 26151 30594 17163 15798 41521 18970 11511 44388 94795 72622 14182 95206 55304 98699 32279 52043 11910 58889 69837 74177 91459 59485 37064 28239 3343 5814 95552 64138 71081 55722 14554 85903 18365 43225 55358 58516 85079 93770 62218 47499 47846 74789 3749 54265 62849 26429 27003 69034 79796 88536 77948 99095 69971 51967 49198 58895 57125 98664 59070 27522 3467 19986
9175 72799 44067 97222 70321 33375 63451 53391 60408 23527 44367 74898 0 75436 42998 64814 3151 15873 14092 69669 90812 2739 79471 86904 35268 44331 69953 89503 57153 29723 63049 34474 73432 65250 1768 99917 41501 37233 37482 59361 19015 57515 58624 7086 7767 54744 53539 37962 13440 17507 85271 82074 4537 69823 6813 57059 22212 13310 3178 54574 342 69156 18956 28795 81494 67506 96784 25069 55501 3482 46586 85094 11757 65389 89228 80734 40467 64392 55012 98354 32470 12323 86306 88991 56596 95529 17560 90467 71268 76292 97076 75105 5363 25214 83514 76365 92076 97960 81371 3171 61222 53549 96786 11818 92235 22432 11727 32126 11464 73541 22832 40841 95233 27491 51166 75460 13111 50295 92183 54923 31724 52427 37903 48269 66039 33673 5824 12599 35270 21794 60068 5230 68740 92166 16023 43214 99753 11789 98442 10357 56625 78152 24770 18062 63891 47249 323 4682 42875 72059 58730 62942 94398 74948 32919 97554 25283 94481 15096 58793 70606 25650 92829 90185 87104 12842 56731 54637 67633 93531 26112 301 17600 3794 83800 19853 29459 88051 77633 3290 77086 98597 50768 52877 87688 43451 2302 61695 9485 92525 80005 76361 14500 32089 76899 23217 59072 23759 60550 96494 24812 33602 65693 59323 93089 20930 54966 64401 27389 45772 15005 34971
47015 8583 5152 24218 19052 41642 54406 76034 96925 10300 27857 4843 75436 0 44386 1116 77837 53366 74778 64209 27426 39751 16154 79997 75267 19295 24241 53523 68970 97315 28223 34749 35588 99012 7858 68276 3826 65702 70833 36218 44035 15912 70343 34623 98260 89912 4631 64587 86071 8984 3523 82834 98434 2744 7516 725 18127 22429 87877 67157 3617 16213 47713 11501 47527 55885 73151 31539 89776 81045 87412 25388 36814 9239 10404 82450 40196 58972 97255 8652 76714 7512 75128 74235 23545 78240 10909 53970 7231 5732 19453 72542 25019 59123 23472 86979 81205 99651 7833 53386 74423 19620 4393 28581 12823 66037 89230 1275 52425 61188 84284 34667 59354 45278 62756 16794 89056 67654 86807 47868 15678 10556 79795 77104 95874 27808 73784 46421 79821 21851 94251 74465 15152 82946 22977 89675 98000 20758 56944 11078 27544 55477 20616 66561 44406 82475 63106 39695 89838 91742 72325 40880 54836 24880 6631 79801 59077 19551 23039 54193 49953 25862 31786 70865 96224 30853 27508 95687 41558 58291 65909 79762 51844 7255 73819 89040 36158 88027 98870 94498 95656 46486 21691 93219 12040 79895 84567 65721 53626 9992 88988 20194 46257 91629 18166 43454 16433 19595 50273 50487 57105 61677 8308 60959 58549 19193 2561 75765 6180 12400 78184 33312
11381 74960 63625 29628 32613 13695 12060 63046 89285 49663 3684 6384 42998 44386 0 53133 58918 22134 22894 38405 15127 78856 9439 99144 41289 14879 63090 88272 89550 81126 29543 24480 87680 34577 94682 70670 28225 91122 94146 94246 28853 67803 63059 32222 11649 35044 9508 50801 32110 93456 97523 22451 14773 22923 72621 36360 57225 76837 31195 7949 18530 89279 68994 48254 72442 74080 26562 64836 61618 13625 85999 51615 16691 74354 14273 66613 58903 66675 87179 56674 42233 9639 39803 80303 83122 43057 28013 53096 4305 97932 14926 65270 24727 24326 14477 91265 87032 28657 45921 34760 46004 71141 73562 84518 39545 93848 19577 21569 47612 14082 62495 3475 93589 52534 7928 24141 93118 81094 67575 64670 56849 2489 54461 97829 52266 43585 82076 36685 12173 78589 33633 6680 34564 79036 50042 14397 76394 21620 94801 45118 14284 48593 22167 93677 92451 27401 66855 98414 31534 38327 36022 34471 17075 17008 61284 78921 51402 62492 13820 87925 14225 52973 77736 63150 22053 19617 57241 64866 11099 89365 33744 82444 67879 15712 53141 31973 60464 15372 19990 17694 29499 16953 10142 90200 15775 47682 89819 75621 18923 75491 73611 75048 31022 77792 39964 36450 22882 85494 90725 2538 61035 12345 39306 15571 52867 55316 60967 11188 16633 23574 563 54032
57615 21151 58509 21322 87705 90401 24187 16954 47031 5277 11443 98504 64814 1116 53133 0 83479 99539 48880 66550 10521 54433 87266 79314 16753 4521 7601 63496 55126 89180 95160 52300 58387 24532 23094 25284 73928 82219 99038 5250 36950 11618 44854 96681 70735 36216 81649 4415 42210 42303 39753 32464 17500 92498 8257 59983 17731 8682 93016 64047 66308 76159 24139 93373 77928 15074 43970 74208 47715 86607 49218 28458 55372 73092 54281 3054 41841 45174 92928 75443 53058 54703 60175 29136 15465 73454 79139 51058 28875 33592 31235 2092 82181 89667 95749 56275 30274 10026 44243 64130 28811 35518 36316 70805 77019 94613 57446 44502 12733 89879 22370 5287 18676 49256 87228 83668 82586 85674 68856 81183 70122 12202 1838 70656 30752 31670 65545 34508 41463 51173 42200 5561 62954 97994 68347 43574 93141 41665 80256 90165 12659 90691 33306 62338 90401 94830 82407 54041 17298 1619 7418 28244 54247 65173 35528 34427 77104 39212 77005 98312 93810 11617 85413 82902 61761 44852 1881 36386 13914 32019 65779 1074 16092 46893 94959 21785 82129 36368 47725 98611 88511 11833 91615 72424 5477 90824 27569 52468 52827 86580 20430 73630 33766 45759 99465 58909 78191 99344 44259 28940 60129 85709 90538 47062 67291 70844 95376 96538 3244 90092 49516 71305
68587 50677 83913 23795 83440 65181 59465 41751 57821 92932 20576 89021 3151 77837 58918 83479 0 90544 95163 3484 77154 1955 79472 20404 60937 45558 65995 41779 45221 15372 86791 26792 96704 44586 43462 56348 6237 68414 40604 81930 60465 56681 94503 49885 22590 30150 66399 93576 54815 36997 53947 21963 46049 27772 55392 54551 19682 53664 64461 92861 17887 16815 82949 43951 46469 64878 20460 82257 86279 97596 4966 17321 67268 37785 80609 69768 94679 17557 42727 31756 82140 17135 50530 7262 1464 32598 73873 24440 51775 37078 16615 55548 35086 4155 93550 89800 83758 44757 73752 95440 84792 84273 96415 13071 16845 3046 50191 9269 46286 41427 59729 49190 537 96179 99320 78809 98784 97636 69897 55128 83920 15872 20838 77430 74925 20099 9867 73961 13278 79218 47342 44491 14411 72013 27324 53519 2275 87071 46360 73211 10647 76214 17532 14203 94128 90800 20277 19177 12871 48461 85069 58913 8604 25116 13868 83505 81492 65605 76997 70849 12500 90066 56447 33355 70537 38228 851 3969 62634 28401 16501 36928 69303 82837 4477 97728 32635 40456 45768 82038 82652 82621 41729 7147 29963 88267 23542 91831 33151 40055 24255 1070 97956 25404 14779 255 11678 9862 2053 32930 67740 57329 65647 60589 64714 43599 22695 13346 64667 88093 67259 83570
82156 94871 9067 3592 82351 67257 70028 44029 36564 90655 20242 16287 15873 53366 22134 99539 90544 0 85284 63025 74193 14641 62989 61553 89550 8691 22710 48742 44497 28806 20219 24608 17619 89931 48607 60604 79514 24648 68984 34436 22900 28729 5611 43174 26117 14412 48218 3053 74314 98538 13326 64379 26442 14732 62858 8248 29573 74889 60263 88582 33034 94382 30367 93721 47540 14621 32382 43908 642 50836 50654 62724 87372 42706 55957 20150 92305 59785 20479 74439 88436 99492 11423 78603 90224 86753 64633 13338 27687 60422 81371 52566 83966 38235 15461 85631 50924 69401 28366 52367 74589 91859 83788 7512 76361 23183 46761 92907 60751 44683 22734 15606 37876 199 10256 94184 4236 57571 35370 55506 86657 36443 20027 65749 52450 2789 31201 95959 76631 26909 60465 62776 70925 68836 60591 12311 77616 1078 91837 25846 32725 23533 2259 63961 16620 58004 35076 63902 94011 40626 68496 77835 37595 99367 50516 60158 90022 45205 3395 9044 35168 25384 48817 93812 22322 36109 9463 79981 39408 23713 51186 75035 57048 26719 33006 38908 14950 13461 9648 67660 44544 97004 55313 2741 15947 97783 18809 34791 66134 60077 40676 6277 50111 92029 28787 22026 85312 18405 6318 59664 61199 19191 47816 29582 57085 53634 60705 41861 53681 39645 1878 16803
5670 55000 71333 4272 19317 44284 40750 9766 85826 72773 73716 76997 14092 74778 22894 48880 95163 85284 0 43639 78333 18787 35816 49883 86955 12630 16734 52037 82146 52711 96741 57651 47091 11835 80840 44164 53855 98302 52441 51422 22365 17229 43430 8710 80595 17947 26307 26875 96091 96052 38133 43898 10170 45415 9369 66495 10512 17138 26013 84318 15686 13133 91897 81804 49203 99574 91958 60447 20154 24925 85874 94095 92988 78212 62298 91104 76915 37237 68767 78109 24471 55656 29518 13767 74436 39437 18443 47568 52560 74585 37021 50761 53109 64816 37724 74064 89805 32451 35999 87827 75524 10415 43148 39961 76451 71670 16575 74030 43013 48272 23085 49084 51455 95254 58881 35720 69591 89583 50522 99457 60177 91347 92085 37636 96612 38068 18893 30846 46911 23295 24073 91388 55506 56386 64366 69054 11843 57579 24406 97293 81463 41714 82028 58927 45378 9028 85035 45235 21893 24590 51644 97091 71362 98739 87952 77125 60523 91026 7559 96197 59821 50628 17146 46423 55500 72858 21888 66556 59616 1934 92515 18259 74619 74205 77469 88987 60058 36491 76474 94108 43991 14335 9883 64016 2820 66263 36060 89677 40192 78933 98667 40952 19700 82933 66237 48527 63623 69622 88456 89660 58951 21600 50931 8693 67208 49807 15651 57652 53838 77336 46077 63346
88617 92766 26899 76529 64946 6208 33556 75219 95080 8590 7810 69065 69669 64209 38405 66550 3484 63025 43639 0 97409 85309 71451 52405 38046 5013 48837 46847 67806 75317 33939 85183 61358 4698 34444 38040 31562 89075 98862 17318 91427 21960 7890 2822 55347 34132 32683 2640 73583 93618 70233 15028 70101 53010 61705 32065 75938 54536 72763 28125 6998 46710 27874 42489 63036 56629 46720 10208 54337 91371 53421 33642 37835 56079 93770 32870 49035 60417 47684 82437 2837 58358 42970 64913 23341 25358 97482 93598 8405 45517 41535 60925 29401 13112 52030 13901 53056 74169 38430 72046 19010 52399 90244 88601 19705 32279 10005 63394 6089 33877 7735 39673 55354 25314 62422 17679 96799 11507 1179 13830 76571 57398 1488 95861 50101 21316 3016 76136 4871 42927 4386 11254 7801 42387 51458 86276 80293 69633 82167 58418 60040 65896 82160 23649 79034 80585 21213 27395 12335 55372 22006 90610 52947 70074 23264 61177 78552 56987 43589 91350 68810 45844 10978 74077 8580 40379 85991 61591 34507 93525 81932 17169 74634 41248 8113 47878 47098 8104 50343 91848 92828 18273 37650 93844 49368 55133 9092 4581 30349 99977 89292 69085 61442 33129 28033 19147 87641 53041 77097 58595 2276 25471 52728 12053 19422 78388 91422 99197 49776 75413 18952 93765
23038 84895 38218 69804 43127 69210 93106 51455 37337 64058 69543 84404 90812 27426 15127 10521 77154 74193 78333 97409 0 56113 52611 67911 22953 56184 77779 96251 23420 13249 98188 6959 69293 65176 2139 3573 92622 77111 78563 27697 40154 23213 76663 99790 93803 48282 82354 79599 54655 78448 99483 8400 39111 19508 56564 96414 29964 82965 22853 24233 3775 33326 52015 16585 72011 26223 76075 35415 92200 76539 13672 88668 38281 59203 14709 25776 59315 4917 93053 63403 45242 10701 23348 96523 48801 11248 89948 96460 36799 69089 18467 96563 92119 40718 11672 54302 18132 39393 19558 52460 56697 91231 32099 61927 27854 19505 14877 26241 55960 81802 98835 55805 67926 15563 27018 63771 57896 38023 38059 27759 63355 17599 95754 59199 89141 35081 2817 16412 79103 27009 59721 76673 7380 52782 59284 58460 57962 12356 14921 56201 82619 39947 50958 93219 7029 96531 36133 56446 74138 62421 86673 65799 64432 63045 69337 7846 53759 38342 60431 40186 71626 84531 28789 12193 93294 9985 92533 28608 58895 84501 96113 34232 2564 19366 20889 13798 38994 70289 17388 15460 81437 14037 43137 19271 11860 79661 19585 77887 67760 13511 63856 77925 85465 43472 65928 21793 68056 96362 23007 81532 67358 57593 10884 79677 12169 10375 8591 48985 15321 16577 63455 5648
21867 43494 12750 80806 68605 18977 29768 64865 55045 43232 75198 8454 2739 39751 78856 54433 1955 14641 18787 85309 56113 0 22913 16669 48691 39468 1533 30506 89707 88327 76982 52560 49257 35386 26945 30052 32678 23367 70239 98139 69736 12075 50346 92870 15124 35275 34381 4151 80701 15529 22896 41698 94922 66356 85030 13356 38513 63128 38940 60258 62814 20189 82884 97427 82013 57281 51941 46955 1594 76989 89801 28513 90568 90639 24897 80606 32702 2265 72527 81484 27999 78071 85403 93428 86210 49674 61126 61224 78677 49809 39785 57673 7952 85160 66612 54815 66704 5634 82010 89550 19957 13626 48278 17834 96241 11045 7227 76953 62254 40054 68015 5586 64114 71192 65410 58045 72125 28967 3567 76326 68406 79255 78462 94344 17291 22137 56848 13384 65376 79766 17613 48253 17842 40102 48751 7724 37908 24532 79693 9118 20963 15924 32175 91593 44116 57914 5482 63216 14781 87149 5498 66116 59125 87880 55916 82802 55374 96579 96248 77440 19910 54168 62267 9751 83118 29780 86371 4646 46786 92681 23413 75233 90548 56750 23977 98273 20662 3055 40630 91418 23307 45123 91934 44811 31055 24864 28494 44812 50635 14714 42103 57895 35487 92143 26569 72468 6947 28661 16258 49065 74583 18878 24829 83595 39672 62177 13796 26366 50277 27550 40308 9489
85914 87190 77480 16331 92748 26869 61382 39050 28146 68678 53563 98281 79471 16154 9439 87266 79472 62989 35816 71451 52611 22913 0 60900 76783 85622 56409 33869 91152 245 40088 48837 7945 61921 58088 31266 25395 49094 86090 64844 13761 46879 51983 28254 95545 28679 91275 9531 4058 19187 89490 84358 78779 44950 52163 46665 85436 16529 6973 9511 97105 22060 504 54981 34556 49962 98200 87538 37055 84955 5715 22618 26067 37912 45293 83710 94784 37157 25716 33147 40222 8850 47082 18514 25466 25833 37433 89150 48330 90265 86769 16838 59032 47888 97388 43905 13522 34841 91877 90735 97211 50488 20885 63639 17039 30715 5594 96117 99000 76785 99559 11181 22292 29977 49218 54253 97824 21193 11769 93466 89295 71470 17980 99427 52971 64173 50947 32027 27329 57732 34538 18053 47182 50399 11712 43883 50840 19195 43155 10319 5442 56928 49304 19368 84344 21165 16363 73063 53010 58733 71816 33581 6314 98200 57694 61104 55957 18157 19676 32592 28569 89268 20750 52640 94189 19015 91461 83208 85125 91195 20747 4329 82402 80186 90206 48957 47710 90427 86318 89554 99891 22123 30001 65685 33860 34449 91300 13235 5155 3247 96127 69199 4765 47182 64820 89810 33297 47186 44744 58702 82161 12132 33433 27371 10663 48971 90699 41046 50186 53919 9677 31406
71650 82916 55398 52219 61328 46155 97204 4861 83868 19140 9764 50353 86904 79997 99144 79314 20404 61553 49883 52405 67911 16669 60900 0 96869 87196 43562 68822 50350 71312 27037 67390 40749 40591 76016 16826 19155 70491 20040 78793 3069 88670 11664 92343 85972 91797 17421 45385 49790 28485 65327 3535 46909 14745 88163 19315 65093 73405 70144 67954 58299 69806 12812 7248 9384 34098 77479 23679 66216 68198 53913 42454 46147 50085 83315 15882 41076 440 64116 58492 96321 50089 25564 90259 1544 66055 35296 44211 22547 15954 46752 90083 88304 73022 51327 9150 76711 76035 57304 62550 46075 73602 72052 93316 51910 32800 98920 59377 5601 56342 76584 88935 32355 20531 80460 65336 45103 1525 54058 99803 77944 71511 36641 97097 99900 62122 20978 60628 42823 84381 75729 83817 78928 37010 39796 65667 83757 53752 86613 23190 95729 92412 47696 8853 34836 12377 93715 57746 26204 65878 28308 13774 53132 94037 82051 53294 20034 912 31981 9483 22300 36744 50222 46036 95829 26376 94603 65432 18501 96775 29781 71989 87598 56245 77999 775 12545 68204 57941 5113 80348 43596 25447 76556 45601 37939 65256 91613 70991 84093 6655 44087 64023 21371 64534 98898 75424 15911 86160 87670 66180 61170 23041 45032 44615 43688 52117 20808 27251 49817 59256 9504
51054 57803 94806 62826 19869 55887 91278 78058 51564 68294 34942 48455 35268 75267 41289 16753 60937 89550 86955 38046 22953 48691 76783 96869 0 17645 85303 64734 74510 54640 82353 42411 3878 34474 42536 51535 80233 99156 32269 32102 62659 58981 80179 53920 81094 19764 13471 59136 37687 90714 8350 46986 25195 12121 66273 85253 10123 17276 16052 6386 83258 9432 8756 78852 77828 18291 19294 72205 94174 29885 96112 47586 32846 41199 22356 56927 90728 30213 60439 73268 52185 50114 26377 92179 9719 83069 5395 19982 56501 86932 62882 3725 78684 68242 67279 66987 14087 39266 40000 97655 60104 37175 38981 4438 12046 67091 31567 39471 13236 47366 44253 20980 25415 46497 6756 94983 42744 13004 62308 34937 48056 28667 16805 98095 99626 23655 45953 57627 26555 5936 9032 90793 36834 82498 24017 21078 2244 91152 78879 48579 24904 50585 52828 51323 67325 46868 53967 80898 59946 5462 50626 29279 53615 9292 45411 92060 70321 27081 19608 26581 43068 17806 57063 35689 85177 94635 24801 98098 51563 88160 80478 35828 27898 19257 21322 43580 91593 72996 44676 27747 96835 83794 89527 10450 93832 11572 34624 66698 3661 69496 6765 15690 65274 44224 91214 2132 46846 69027 4321 81333 73765 36355 2237 64518 88483 90785 88600 8449 47004 48950 86366 68988
4844 50911 59535 50525 36025 78385 93481 58509 29767 18401 80515 37046 44331 19295 14879 4521 45558 8691 12630 5013 56184 39468 85622 87196 17645 0 96531 65637 55237 64829 62494 6048 54700 63063 39776 67657 94880 75023 64794 2354 63104 24114 9527 29086 52129 56710 55593 25342 78750 42001 30670 24727 89481 739 24335 94586 2119 57366 20742 9877 74120 86068 4267 41253 50073 31357 40817 60122 8214 34734 21944 70046 29746 68424 44057 45836 9172 72097 5776 79926 92159 21675 33124 89037 49954 42464 55750 81831 50012 96643 26516 85988 91144 95293 33273 93394 64519 7392 20028 19908 4213 43813 85087 84941 58391 28947 45944 14695 24286 55680 10349 8898 33669 8988 73029 91337 69236 10463 29005 67191 2475 44864 67548 1960 79241 42457 85120 88147 91032 32541 64722 16200 75741 77403 41838 33139 42131 28009 36410 96014 33192 27662 70161 14108 25076 11720 136 510 33084 95704 35658 18841 58000 48523 59432 79960 49398 9062 50970 85161 25501 22252 71313 34609 57137 50393 88511 88150 74444 93837 82371 53082 31731 61487 39551 24041 26389 35608 40438 5667 3184 71118 67197 58102 38730 70314 90239 73036 66948 17055 26900 28006 48099 61360 43226 75562 4716 54642 80945 52552 48635 11782 85068 1598 91420 40543 23387 57300 69368 7775 629 48450
86605 93831 39201 11556 74891 37884 12579 73900 8036 52340 73307 60595 69953 24241 63090 7601 65995 22710 16734 48837 77779 1533 56409 43562 85303 96531 0 8016 34875 80626 24602 7604 956 90664 59625 357 43737 47588 73611 96722 13431 83287 22370 9881 69847 60088 24180 26466 50206 79187 50145 26869 86680 9660 73463 64156 6181 49343 4817 86596 55166 88435 45315 8964 63534 43571 23840 72820 23708 42711 65632 33488 36751 34451 74954 13326 52233 12272 57658 5727 68774 18033 86610 38606 20679 76801 57900 25888 85651 51327 50655 76190 99828 35766 34297 165 90139 56204 1456 86976 44862 68131 17054 46321 7125 34135 76701 98927 72261 94169 36448 84873 97783 41158 35010 54006 21755 12426 66124 41728 76087 99140 71132 47738 20188 71046 37359 26882 73139 41621 52063 60866 74204 28062 36530 12730 54414 2427 19528 467 86502 65314 78342 27823 74398 3738 60770 8062 23435 95961 79590 62188 40607 57808 31612 74385 1587 61622 29409 23901 68325 40142 2323 87816 86345 44343 42984 27798 25831 91195 92011 54736 98005 37291 72994 25495 88162 97657 70556 74319 46354 43767 51322 88200 81526 97677 49756 68854 82632 14983 46441 96021 52868 37171 67727 74054 27846 43119 87195 38192 3048 72680 6037 9836 19449 23515 74239 24884 10370 95635 68082 68413
42803 64427 38561 16271 29817 42876 25712 6324 9744 99761 4154 73314 89503 53523 88272 63496 41779 48742 52037 46847 96251 30506 33869 68822 64734 65637 8016 0 89863 96664 37554 75094 556 31489 28635 8783 19537 32669 46884 12171 78508 42658 66950 96993 75029 56854 34094 90613 80235 39312 5722 53594 88473 53026 79223 84083 77963 32259 50451 23790 57671 56726 68008 78775 15971 90335 10744 35136 63423 9839 3899 78310 32214 52591 67303 2897 12483 3266 87218 44 89250 85616 10806 52142 9377 36761 4213 3674 27051 29839 49918 65448 54461 54695 40887 25824 96435 65587 49512 53212 38441 44470 52502 50719 60633 6643 75879 91833 1729 68548 99683 41424 221 1478 53928 18569 81048 37381 21598 61108 5153 27775 16661 43942 63589 89218 16061 8551 4853 45453 2826 4541 10505 56653 282 27635 75711 72650 21433 90830 6568 93403 71968 58710 59839 23543 63095 17047 68560 68537 31640 51683 5464 93886 52383 3889 76213 41410 84376 72242 8717 914 8689 86730 27464 30791 36830 78748 21816 41064 94868 35506 70188 99168 90379 44060 79217 39232 77974 29343 67695 39879 46409 6965 67622 29236 23684 78017 96264 9802 13038 70413 82263 55184 57996 61771 57718 10043 24856 42078 14522 89409 70213 39501 72626 52947 35235 17075 35689 62501 38792 61487
79297 6384 805 79461 89803 41431 70523 7481 37325 10548 34105 99185 57153 68970 89550 55126 45221 44497 82146 67806 23420 89707 91152 50350 74510 55237 34875 89863 0 23917 4757 41285 71033 84194 23912 30334 80394 63231 88508 38334 72821 45158 24820 32429 62047 73983 95127 51817 92131 81540 13495 65335 30952 85317 71508 10779 46792 99230 6353 67790 63894 15203 65195 67888 10471 97065 90746 95482 56112 49890 63714 78982 79671 78453 33055 87745 6993 64690 6777 48880 59530 49873 29371 31232 15963 67255 56968 74505 89302 34408 93706 89475 16267 96355 96291 58183 33434 89226 8180 98848 57011 15870 80658 15655 91540 40323 65494 37879 54145 95421 10971 29211 26569 88912 34444 2962 55273 64540 87488 11313 81289 47086 33722 65621 52964 791 90580 80468 72770 1533 13912 50647 78942 75069 93770 63849 71837 33083 53460 84200 8747 40393 29214 32321 27351 13887 7117 34882 35650 73635 14816 11334 62197 45727 16211 15516 39915 42410 19535 55471 59850 32394 27541 3516 49611 23956 30235 17434 76983 37351 21624 72826 37470 66119 11055 43593 2478 65927 12404 43442 40718 56602 51568 94513 78796 99864 24037 12156 28798 63279 8843 32102 23329 42664 65607 76427 13704 35592 35887 95025 77631 97177 99318 82389 27316 2635 45887 24605 91821 66202 39825 79277
73683 88188 73756 14892 40249 17731 8002 31211 44760 7314 56536 17298 29723 97315 81126 89180 15372 28806 52711 75317 13249 88327 245 71312 54640 64829 80626 96664 23917 0 46081 53771 14154 42757 91385 34673 96926 3495 47703 52163 81048 53163 19905 77330 34277 6480 46648 30190 36333 6054 96887 48660 1383 23288 28023 84929 88980 61692 39023 67569 28809 49321 92170 51762 31560 6904 94444 27958 76209 21912 35326 8426 82090 40092 41947 28214 19453 7052 22923 84435 83476 47053 82633 31050 32405 88654 89460 81923 42117 1668 29920 43368 41339 68429 19653 54751 99683 63886 29994 731 74295 50182 14691 65396 69213 22774 43651 5150 23913 20468 40789 11993 47174 82313 13659 82845 3956 2139 74315 76298 32183 82504 66068 36928 89302 36419 15448 27475 35680 9222 16042 6240 37598 4157 87062 68871 1523 15725 30280 88281 67478 37770 85564 62191 22802 99507 52656 19161 48361 54697 84878 570 68831 29457 83259 18150 37384 84602 30077 11326 66282 97123 21325 43867 23873 41494 21758 30708 78149 74091 571 92359 96846 58388 64176 55148 24258 49324 24143 39276 31552 20669 76519 98690 33002 31264 26955 12932 29266 94012 54599 96654 35148 99409 1509 93299 34553 17025 20480 26229 62381 90464 60698 39940 89600 96697 59795 9416 83215 92314 92653 88705
40240 34463 73709 16298 13300 29740 65459 47589 55391 18689 4475 71258 63049 28223 29543 95160 86791 20219 96741 33939 98188 76982 40088 27037 82353 62494 24602 37554 4757 46081 0 89482 38444 49667 98449 59422 79377 58395 33104 92795 15544 59201 59688 34469 69846 89131 87041 57353 23505 51575 89389 72961 72235 4761 89388 74777 83088 50562 48560 26902 49462 62955 34032 45830 42494 81038 70201 91220 90478 54603 26294 19509 49268 86505 18068 53966 99528 84696 60660 50970 39682 30176 25171 93571 58455 11201 68082 20685 88565 67118 29022 80018 21210 29678 10317 80080 52224 82911 25892 66449 63431 47522 87769 98271 24056 31561 33229 3614 95663 37311 85686 70853 46333 91175 60958 80247 44385 86278 25582 94344 80237 20946 74106 41519 13518 79110 90257 60036 43338 24064 92442 1160 78046 78848 49706 36553 36545 71093 36869 73345 97119 66025 55890 96214 21215 45771 85902 94527 48972 57937 27139 2499 17206 51535 92788 6966 91492 37529 9676 1826 99392 39664 10130 96129 43360 41186 34098 62096 40671 5888 65656 95625 64663 6608 54579 79478 72914 16649 25909 15165 52148 92433 21488 67560 31064 82263 5451 92967 77810 11738 20419 82455 54630 86978 43352 33013 66556 34819 4926 90975 12003 77124 53641 63557 41256 77200 99785 90884 7350 91378 93788 38295
